1625683185,38.892805,-86.848833,712.40904,A9CCB0,1625679585,39.33659,-87.02903,
1625683191,38.892719,-86.848809,725.60688,AAE32E,1625679591,38.53409,-85.99889,
1625683193,38.89272,-86.848806,726.06408,A07DC8,1625679593,38.16888,-87.50754,
1625683195,38.892719,-86.848811,725.94216,A07DC8,1625679595,38.16860,-87.49918,
1625683195,38.892719,-86.848811,725.94216,A4E876,1625679595,38.87466,-87.52307,
1625683195,38.892719,-86.848811,725.94216,A9CCB0,1625679595,39.34044,-87.07543,
1625683195,38.892719,-86.848811,725.94216,A52C0C,1625679595,39.39674,-87.34382,
1625683197,38.892716,-86.84881,725.69832,A4E876,1625679597,38.87466,-87.51691,
1625683198,38.892715,-86.848808,725.63736,ABC69C,1625679598,38.95404,-86.67526,
1625683198,38.892715,-86.848808,725.63736,ABC69C,1625679598,38.95542,-86.67725,
1625683199,38.892715,-86.848808,725.60688,A4281D,1625679599,38.12183,-87.29818,
1625683206,38.892718,-86.848807,725.14968,A75359,1625679606,39.24116,-86.79126,
1625683208,38.892718,-86.848808,724.99728,A6E131,1625679608,38.37776,-87.22512,
1625683208,38.892718,-86.848808,724.99728,AAE1F8,1625679608,38.89128,-86.47393,
1625683214,38.892718,-86.848807,724.72296,AAE1F8,1625679614,38.88439,-86.46814,
1625683214,38.892718,-86.848807,724.72296,A6E131,1625679614,38.37836,-87.24470,
1625683214,38.892718,-86.848807,724.72296,ABC69C,1625679614,38.97620,-86.70721,
1625683215,38.892719,-86.848807,723.50376,AAE1F8,1625679615,38.88327,-86.46716,
1625683215,38.892719,-86.848807,723.50376,A6E131,1625679615,38.37840,-87.24617,
1625683216,38.892719,-86.848807,722.86368,A6E131,1625679616,38.37849,-87.25038,
1625683218,38.892718,-86.848808,720.63864,ABC69C,1625679618,38.98131,-86.71460,
1625683220,38.892722,-86.848812,718.47456,ABC69C,1625679620,38.98331,-86.71753,
1625683220,38.892722,-86.848812,718.47456,A75359,1625679620,39.25927,-86.82452,
1625683221,38.892724,-86.848813,717.83448,AAE1F8,1625679621,38.87563,-86.46075,
1625683224,38.892723,-86.848813,718.20024,A4E876,1625679624,38.87480,-87.44012,
1625683226,38.892723,-86.848813,722.13216,A07DC8,1625679626,38.16554,-87.40968,
1625683225,38.892723,-86.848813,720.33384,A9CCB0,1625679625,39.34590,-87.14221,
1625683229,38.892714,-86.848814,725.48496,A6E131,1625679629,38.37929,-87.27730,
1625683234,38.892556,-86.848829,741.66984,ABC69C,1625679634,39.00188,-86.74432,
1625683234,38.892556,-86.848829,741.66984,ABC69C,1625679634,39.00320,-86.74620,
1625683239,38.892383,-86.848856,783.0312,A3E9B2,1625679639,38.23824,-86.82647,
1625683241,38.892312,-86.848862,806.77512,A4E876,1625679641,38.87480,-87.39484,
1625683245,38.892197,-86.848872,850.42248,A9CA77,1625679645,38.29779,-86.92412,
1625683245,38.892197,-86.848872,850.42248,AAE32E,1625679645,38.46931,-85.87296,
1625683245,38.892197,-86.848872,850.42248,A44262,1625679645,38.51161,-85.89022,
1625683245,38.892197,-86.848872,850.42248,AA28E5,1625679645,39.20178,-86.20584,
1625683247,38.892155,-86.848876,867.70464,A62F6E,1625679647,39.06045,-86.58057,
1625683247,38.892155,-86.848876,867.70464,AA763F,1625679647,39.34274,-86.52490,
1625683247,38.892155,-86.848876,867.70464,AA28E5,1625679647,39.19821,-86.20661,
1625683247,38.892155,-86.848876,867.70464,A3D150,1625679647,39.80026,-86.66177,
1625683250,38.892129,-86.84888,882.0912,A9CA77,1625679650,38.30429,-86.91512,
1625683251,38.892108,-86.848882,882.5484,A44262,1625679651,38.51560,-85.87708,
1625683251,38.892108,-86.848882,882.5484,A4E876,1625679651,38.87480,-87.36513,
1625683252,38.892075,-86.848885,882.8532,A75359,1625679652,39.29744,-86.89465,
1625683246,38.892168,-86.848874,862.00488,AA1F97,1625679646,38.16906,-86.22309,
1625683252,38.892075,-86.848885,882.8532,A62F6E,1625679652,39.06338,-86.58008,
1625683252,38.892075,-86.848885,882.8532,AAE1F8,1625679652,38.84263,-86.43292,
1625683255,38.891965,-86.848898,882.94464,AA28E5,1625679655,39.18356,-86.20996,
1625683256,38.891912,-86.848906,882.79224,A62F6E,1625679656,39.06523,-86.57979,
1625683256,38.891912,-86.848906,882.79224,A9CA77,1625679656,38.30933,-86.90824,
1625683256,38.891912,-86.848906,882.79224,AA28E5,1625679656,39.17981,-86.21082,
1625683256,38.891912,-86.848906,882.79224,A09322,1625679656,38.33498,-86.46372,
1625683255,38.891965,-86.848898,882.94464,A07DC8,1625679655,38.16234,-87.31893,
1625683256,38.891912,-86.848906,882.79224,A9CCB0,1625679656,39.35339,-87.23365,
1625683256,38.891912,-86.848906,882.79224,A52C0C,1625679656,39.43314,-87.21191,
1625683255,38.891965,-86.848898,882.94464,AA763F,1625679655,39.32970,-86.53058,
1625683257,38.891858,-86.848914,882.7008,AD14CD,1625679657,38.40797,-86.34717,
1625683259,38.891772,-86.848931,882.76176,A6E131,1625679659,38.38181,-87.36400,
1625683260,38.891714,-86.848942,882.76176,A62F6E,1625679660,39.06757,-86.57990,
1625683261,38.891654,-86.848952,882.8532,A9CA77,1625679661,38.31294,-86.90332,
1625683262,38.891591,-86.848962,882.67032,A44262,1625679662,38.52202,-85.85553,
1625683263,38.891526,-86.848973,882.67032,A50A14,1625679663,38.82124,-85.99518,
1625683264,38.891461,-86.848984,882.79224,A9CCB0,1625679664,39.35399,-87.24160,
1625683265,38.89143,-86.848989,882.88368,AA763F,1625679665,39.31425,-86.53741,
1625683265,38.89143,-86.848989,882.88368,ABC69C,1625679665,39.04420,-86.80566,
1625683267,38.891302,-86.849011,883.34088,A62F6E,1625679667,39.07091,-86.58027,
1625683265,38.89143,-86.848989,882.88368,A9CA77,1625679665,38.31812,-86.89619,
1625683267,38.891302,-86.849011,883.34088,AA28E5,1625679667,39.16133,-86.21497,
1625683266,38.891366,-86.849,883.18848,A09322,1625679666,38.34336,-86.43661,
1625683266,38.891366,-86.849,883.18848,A07DC8,1625679666,38.16119,-87.28632,
1625683269,38.891209,-86.849028,890.86944,AA763F,1625679669,39.30986,-86.53955,
1625683269,38.891209,-86.849028,890.86944,A3D150,1625679669,39.83768,-86.67914,
1625683269,38.891209,-86.849028,890.86944,ADFE9A,1625679669,37.95409,-87.19652,
1625683272,38.891147,-86.849037,914.15616,A62F6E,1625679672,39.07367,-86.58026,
1625683271,38.891164,-86.849035,903.70152,A9CA77,1625679671,38.32196,-86.89093,
1625683270,38.89119,-86.849032,894.86232,A3E9B2,1625679670,38.29336,-86.88072,
1625683274,38.89114,-86.849038,929.97528,A44262,1625679674,38.52780,-85.83661,
1625683274,38.89114,-86.849038,929.97528,ADFE9A,1625679674,37.95396,-87.19948,
1625683276,38.891137,-86.849037,953.04864,AAE32E,1625679676,38.43613,-85.80865,
1625683276,38.891137,-86.849037,953.04864,AB0B1F,1625679676,39.70357,-86.59802,
1625683276,38.891137,-86.849037,953.04864,A62F6E,1625679676,39.07627,-86.58026,
1625683277,38.891137,-86.849036,964.72248,A9CA77,1625679677,38.32755,-86.88327,
1625683277,38.891137,-86.849036,964.72248,AA28E5,1625679677,39.14294,-86.21912,
1625683277,38.891137,-86.849036,964.72248,A09322,1625679677,38.35020,-86.41437,
1625683278,38.891138,-86.849036,977.00592,A75359,1625679678,39.33119,-86.95685,
1625683279,38.891139,-86.849036,989.10648,AA763F,1625679679,39.29367,-86.54840,
1625683277,38.891137,-86.849036,964.72248,A7EE69,1625679677,39.44357,-87.31850,
1625683281,38.891139,-86.849036,1006.602,ABB72E,1625679681,39.51617,-86.83415,
1625683283,38.89114,-86.849037,1029.9192,AAE1F8,1625679683,38.80939,-86.40485,
1625683284,38.89114,-86.849038,1041.37968,ABC69C,1625679684,39.06776,-86.83984,
1625683284,38.89114,-86.849038,1041.37968,A75359,1625679684,39.33838,-86.97004,
1625683285,38.891141,-86.849037,1052.90112,AA28E5,1625679685,39.12753,-86.22260,
1625683285,38.891141,-86.849037,1052.90112,AAE1F8,1625679685,38.80655,-86.40247,
1625683285,38.891141,-86.849037,1052.90112,A4E876,1625679685,38.87480,-87.26605,
1625683286,38.89114,-86.849036,1064.72736,AAE1F8,1625679686,38.80567,-86.40173,
1625683286,38.89114,-86.849036,1064.72736,A75359,1625679686,39.34058,-86.97416,
1625683287,38.89114,-86.849036,1070.4576,A62F6E,1625679687,39.08189,-86.58104,
1625683289,38.89114,-86.849036,1094.14056,ABC69C,1625679689,39.07576,-86.85144,
1625683290,38.89114,-86.849036,1105.41816,A9CA77,1625679690,38.33949,-86.86691,
1625683291,38.89114,-86.849036,1117.18344,A6E131,1625679691,38.38441,-87.45547,
1625683292,38.89114,-86.849036,1122.82224,A52C0C,1625679692,39.45488,-87.13330,
1625683292,38.89114,-86.849036,1122.82224,A44262,1625679692,38.54130,-85.79224,
1625683293,38.89114,-86.849036,1134.37416,AD14CD,1625679693,38.45187,-86.32997,
1625683294,38.89114,-86.849036,1145.95656,A44262,1625679694,38.54195,-85.79004,
1625683294,38.89114,-86.849036,1145.95656,A62F6E,1625679694,39.08524,-86.58176,
1625683296,38.89114,-86.849036,1164.1836,A52C0C,1625679696,39.45549,-87.13116,
1625683296,38.89114,-86.849036,1164.1836,A9CA77,1625679696,38.34359,-86.86131,
1625683296,38.89114,-86.849036,1164.1836,AA28E5,1625679696,39.10707,-86.22721,
1625683295,38.89114,-86.849036,1157.90472,AA763F,1625679695,39.27286,-86.56415,
1625683298,38.89114,-86.849036,1187.83608,A6E131,1625679698,38.38483,-87.46938,
1625683300,38.89114,-86.849036,1205.6364,A2F584,1625679700,37.85837,-87.47888,
1625683300,38.89114,-86.849036,1205.6364,A62F6E,1625679700,39.08853,-86.58224,
1625683300,38.89114,-86.849036,1205.6364,A9CA77,1625679700,38.34880,-86.85415,
1625683302,38.89114,-86.849036,1230.41664,A09322,1625679702,38.36252,-86.37422,
1625683305,38.89114,-86.849036,1260.25656,A44262,1625679705,38.54741,-85.77211,
1625683305,38.89114,-86.849036,1260.25656,AD14CD,1625679705,38.46451,-86.32466,
1625683305,38.89114,-86.849036,1260.25656,A75359,1625679705,39.36415,-87.01764,
1625683306,38.89114,-86.849036,1271.6256,A52C0C,1625679706,39.46321,-87.10319,
1625683306,38.89114,-86.849036,1271.6256,A62F6E,1625679706,39.09155,-86.58254,
1625683307,38.89114,-86.849036,1283.42136,A9CA77,1625679707,38.35359,-86.84757,
1625683306,38.89114,-86.849036,1271.6256,AA28E5,1625679706,39.08968,-86.23115,
1625683307,38.89114,-86.849036,1283.42136,A6E131,1625679707,38.38554,-87.49634,
1625683307,38.89114,-86.849036,1283.42136,AA763F,1625679707,39.25584,-86.57961,
1625683309,38.89114,-86.849036,1300.55112,A3E9B2,1625679709,38.35387,-86.94048,
1625683310,38.89114,-86.849036,1312.10304,A6E131,1625679710,38.38576,-87.50503,
1625683311,38.89114,-86.849036,1323.99024,A9CA77,1625679711,38.35620,-86.84394,
1625683313,38.89114,-86.849036,1341.45528,A09322,1625679713,38.37627,-86.32937,
1625683315,38.89114,-86.849037,1364.19336,A44262,1625679715,38.55354,-85.75159,
1625683315,38.89114,-86.849037,1364.19336,A3D150,1625679715,39.90877,-86.71222,
1625683317,38.891141,-86.849036,1386.93144,AAE1F8,1625679717,38.77345,-86.37451,
1625683317,38.891141,-86.849036,1386.93144,A62F6E,1625679717,39.09625,-86.58289,
1625683318,38.891141,-86.849037,1397.90424,ABE23E,1625679718,39.20932,-85.94751,
1625683317,38.891141,-86.849036,1386.93144,A4E876,1625679717,38.87470,-87.17883,
1625683318,38.891141,-86.849037,1397.90424,AA28E5,1625679718,39.06794,-86.23602,
1625683318,38.891141,-86.849037,1397.90424,A75359,1625679718,39.37942,-87.04578,
1625683319,38.891141,-86.849037,1404.00024,A24637,1625679719,38.83626,-86.44664,
1625683318,38.891141,-86.849037,1397.90424,A9CA77,1625679718,38.36215,-86.83576,
1625683319,38.891141,-86.849037,1404.00024,AA763F,1625679719,39.24116,-86.59302,
1625683320,38.891141,-86.849036,1415.21688,A24637,1625679720,38.83606,-86.44714,
1625683319,38.891141,-86.849037,1404.00024,ABC69C,1625679719,39.11515,-86.90869,
1625683320,38.891141,-86.849036,1415.21688,A9CA77,1625679720,38.36505,-86.83182,
1625683321,38.891141,-86.849036,1426.6164,A6E131,1625679721,38.38637,-87.52685,
1625683322,38.891141,-86.849036,1438.13784,A62F6E,1625679722,39.09920,-86.58325,
1625683324,38.891141,-86.849036,1455.02376,A3E9B2,1625679724,38.38549,-86.97171,
1625683323,38.891141,-86.849036,1449.38496,A09322,1625679723,38.38092,-86.31426,
1625683324,38.891141,-86.849036,1455.02376,A52C0C,1625679724,39.47365,-87.06504,
1625683324,38.891141,-86.849036,1455.02376,A24637,1625679724,38.83569,-86.44800,
1625683325,38.891141,-86.849036,1466.63664,A9CCB0,1625679725,39.36522,-87.38287,
1625683326,38.891141,-86.849036,1478.24952,ABC69C,1625679726,39.12291,-86.91995,
1625683326,38.891141,-86.849036,1478.24952,A09322,1625679726,38.38572,-86.29862,
1625683327,38.891141,-86.849036,1489.92336,AA28E5,1625679727,39.04953,-86.24017,
1625683326,38.891141,-86.849036,1478.24952,A62F6E,1625679726,39.10130,-86.58355,
1625683328,38.891141,-86.849036,1501.5972,ABE23E,1625679728,39.20837,-85.96079,
1625683329,38.891141,-86.849036,1507.51032,ABC69C,1625679729,39.12712,-86.92610,
1625683329,38.891141,-86.849036,1507.51032,AA763F,1625679729,39.22734,-86.60553,
1625683329,38.891141,-86.849036,1507.51032,A9CA77,1625679729,38.37296,-86.82095,
1625683332,38.891141,-86.849036,1541.92224,A3E9B2,1625679732,38.39168,-86.97788,
1625683332,38.891141,-86.849036,1541.92224,A6E131,1625679732,38.38716,-87.55739,
1625683333,38.891141,-86.849036,1553.53512,A62F6E,1625679733,39.10432,-86.58403,
1625683334,38.891141,-86.849036,1559.78352,A24637,1625679734,38.83397,-86.45148,
1625683335,38.891141,-86.849035,1571.12208,A9CA77,1625679735,38.37818,-86.81379,
1625683334,38.891141,-86.849036,1559.78352,AD14CD,1625679734,38.50121,-86.30786,
1625683336,38.891141,-86.849035,1582.5216,A89B9B,1625679736,38.77716,-86.23014,
