1625683645,38.891151,-86.849184,1592.1228,A11A38,1625680045,39.31256,-87.03112,
1625683645,38.891151,-86.849184,1592.1228,A89B9B,1625680045,39.17606,-86.86412,
1625683646,38.891153,-86.849212,1588.19088,A49FD2,1625680046,39.50194,-86.93690,
1625683647,38.891153,-86.849241,1583.67984,AA4E1C,1625680047,39.28276,-87.14959,
1625683647,38.891153,-86.849241,1583.67984,A89B9B,1625680047,39.17734,-86.86615,
1625683647,38.891153,-86.849241,1583.67984,A66223,1625680047,38.83574,-87.50006,
1625683647,38.891153,-86.849241,1583.67984,ABC455,1625680047,39.14755,-87.29022,
1625683648,38.891154,-86.849255,1581.42432,A46D70,1625680048,39.78580,-86.30710,
1625683649,38.891155,-86.849282,1577.85816,A49FD2,1625680049,39.50064,-86.94476,
1625683649,38.891155,-86.849282,1577.85816,A4FD62,1625680049,38.79286,-86.68329,
1625683651,38.891157,-86.849341,1569.99432,A9CA77,1625680051,38.51397,-86.59686,
1625683652,38.891158,-86.849356,1567.98264,A11A38,1625680052,39.29810,-87.01315,
1625683652,38.891158,-86.849356,1567.98264,AA1F97,1625680052,38.44002,-87.15639,
1625683654,38.891162,-86.849411,1559.87496,A3E9B2,1625680054,38.96901,-87.36483,
1625683655,38.891163,-86.84944,1556.09544,AB3C15,1625680055,39.62592,-86.19556,
1625683655,38.891163,-86.84944,1556.09544,AA28E5,1625680055,38.41449,-86.38184,
1625683656,38.891165,-86.84947,1551.98064,AB5ADE,1625680056,38.24695,-87.23933,
1625683656,38.891165,-86.84947,1551.98064,A089B6,1625680056,39.48404,-86.38854,
1625683655,38.891163,-86.84944,1556.09544,ABB5A2,1625680055,38.21700,-86.75851,
1625683657,38.891167,-86.8495,1547.95728,ACBD69,1625680057,39.56122,-86.28985,
1625683657,38.891167,-86.8495,1547.95728,AA4E1C,1625680057,39.28922,-87.12624,
1625683657,38.891167,-86.8495,1547.95728,AA1F97,1625680057,38.44419,-87.16632,
1625683658,38.891168,-86.849515,1545.9456,A89B9B,1625680058,39.19226,-86.89015,
1625683658,38.891168,-86.849515,1545.9456,ABC455,1625680058,39.15318,-87.26514,
1625683659,38.89117,-86.849545,1541.86128,A9CA77,1625680059,38.51257,-86.60445,
1625683661,38.891173,-86.849609,1533.57072,AA1F97,1625680061,38.44819,-87.17578,
1625683662,38.891174,-86.849624,1531.40664,A089B6,1625680062,39.48029,-86.38777,
1625683662,38.891174,-86.849624,1531.40664,ACBD69,1625680062,39.56093,-86.29797,
1625683665,38.891179,-86.849703,1520.86056,A3E9B2,1625680065,38.98865,-87.35767,
1625683667,38.891184,-86.849765,1512.60048,AAE1F8,1625680067,38.39392,-86.05684,
1625683667,38.891184,-86.849765,1512.60048,A9CA77,1625680067,38.51155,-86.60986,
1625683668,38.891186,-86.849796,1508.51616,ABB5A2,1625680068,38.21832,-86.73473,
1625683668,38.891186,-86.849796,1508.51616,AB5ADE,1625680068,38.24727,-87.23634,
1625683668,38.891186,-86.849796,1508.51616,AA4E1C,1625680068,39.29567,-87.10284,
1625683668,38.891186,-86.849796,1508.51616,AA763F,1625680068,38.73029,-87.05357,
1625683668,38.891186,-86.849796,1508.51616,A89B9B,1625680068,39.20513,-86.91089,
1625683669,38.891187,-86.849811,1506.29112,A4E876,1625680069,38.81083,-86.21649,
1625683668,38.891186,-86.849796,1508.51616,ABC455,1625680068,39.15918,-87.23871,
1625683669,38.891187,-86.849811,1506.29112,AB34D6,1625680069,39.05188,-86.44055,
1625683669,38.891187,-86.849811,1506.29112,ABE23E,1625680069,39.13806,-86.88281,
1625683669,38.891187,-86.849811,1506.29112,AD14CD,1625680069,38.91156,-86.17747,
1625683670,38.891189,-86.849842,1502.26776,AB19FB,1625680070,39.03587,-86.22729,
1625683670,38.891189,-86.849842,1502.26776,AB3C15,1625680070,39.60704,-86.16261,
1625683653,38.89116,-86.849383,1563.89832,A05878,1625680053,38.78281,-86.54895,
1625683670,38.891189,-86.849842,1502.26776,AA1F97,1625680070,38.45773,-87.19843,
1625683672,38.89119,-86.849889,1496.04984,A089B6,1625680072,39.46797,-86.38556,
1625683670,38.891189,-86.849842,1502.26776,ACBD69,1625680070,39.56021,-86.31486,
1625683672,38.89119,-86.849889,1496.04984,A2F584,1625680072,38.16385,-86.58092,
1625683672,38.89119,-86.849889,1496.04984,A3E9B2,1625680072,39.00229,-87.34907,
1625683675,38.891196,-86.849975,1484.49792,A66223,1625680075,38.83232,-87.49715,
1625683675,38.891196,-86.849975,1484.49792,A9CA77,1625680075,38.51052,-86.61536,
1625683675,38.891196,-86.849975,1484.49792,ABC455,1625680075,39.16214,-87.22541,
1625683677,38.8912,-86.850039,1476.11592,ABB5A2,1625680077,38.21925,-86.71766,
1625683677,38.8912,-86.850039,1476.11592,AA4E1C,1625680077,39.30125,-87.08265,
1625683677,38.8912,-86.850039,1476.11592,A89B9B,1625680077,39.21950,-86.93410,
1625683672,38.89119,-86.849889,1496.04984,A46D70,1625680072,39.78452,-86.23572,
1625683679,38.891202,-86.850083,1469.86752,A49FD2,1625680079,39.49860,-86.95721,
1625683676,38.891198,-86.850007,1480.32216,A66223,1625680076,38.83313,-87.49762,
1625683681,38.891206,-86.850143,1460.96736,A4FD62,1625680081,38.84024,-86.74184,
1625683682,38.891208,-86.850173,1456.88304,AA1F97,1625680082,38.46802,-87.22284,
1625683679,38.891202,-86.850083,1469.86752,A089B6,1625680079,39.45035,-86.38263,
1625683684,38.89121,-86.850219,1450.66512,A11A38,1625680084,39.24751,-86.95129,
1625683684,38.89121,-86.850219,1450.66512,A3E9B2,1625680084,39.02037,-87.33116,
1625683685,38.891212,-86.85025,1446.06264,AA28E5,1625680085,38.35178,-86.39571,
1625683681,38.891206,-86.850143,1460.96736,A9CA77,1625680081,38.50983,-86.61854,
1625683687,38.891215,-86.850295,1439.90568,ABC455,1625680087,39.16882,-87.19580,
1625683688,38.891217,-86.850326,1435.79088,ABB5A2,1625680088,38.22046,-86.69622,
1625683689,38.891218,-86.850357,1431.76752,AA4E1C,1625680089,39.30815,-87.05774,
1625683689,38.891218,-86.850357,1431.76752,A89B9B,1625680089,39.23254,-86.95506,
1625683690,38.89122,-86.850387,1427.46984,ACBD69,1625680090,39.55539,-86.34064,
1625683692,38.891223,-86.850434,1421.4348,AA1F97,1625680092,38.47655,-87.24309,
1625683693,38.891225,-86.850466,1417.19808,AB3C15,1625680093,39.57746,-86.11041,
1625683691,38.891222,-86.850419,1423.2636,A089B6,1625680091,39.43117,-86.37959,
1625683693,38.891225,-86.850466,1417.19808,A4E876,1625680093,38.80495,-86.15096,
1625683694,38.891227,-86.850496,1413.17472,A3E9B2,1625680094,39.03247,-87.31244,
1625683695,38.891228,-86.850527,1409.0904,ACAA54,1625680095,38.59726,-86.16308,
1625683697,38.891231,-86.850574,1402.32384,A49FD2,1625680097,39.48044,-87.06757,
1625683697,38.891231,-86.850574,1402.32384,AAE1F8,1625680097,38.35993,-86.02862,
1625683696,38.89123,-86.850559,1404.70128,ABC455,1625680096,39.17436,-87.17108,
1625683697,38.891231,-86.850574,1402.32384,AA763F,1625680097,38.68510,-87.09399,
1625683698,38.891233,-86.850603,1398.33096,AB5ADE,1625680098,38.25797,-87.13356,
1625683697,38.891231,-86.850574,1402.32384,A07DC8,1625680097,38.16930,-86.01734,
1625683699,38.891234,-86.850632,1394.52096,AA4E1C,1625680099,39.31462,-87.03418,
1625683699,38.891234,-86.850632,1394.52096,A89B9B,1625680099,39.24655,-86.97763,
1625683699,38.891234,-86.850632,1394.52096,AB34D6,1625680099,39.04495,-86.48354,
1625683700,38.891235,-86.850647,1392.60072,ABE23E,1625680100,39.13170,-86.96306,
1625683699,38.891234,-86.850632,1394.52096,AD14CD,1625680099,38.93120,-86.17150,
1625683700,38.891235,-86.850647,1392.60072,AB19FB,1625680100,39.06817,-86.29156,
1625683703,38.89124,-86.850736,1381.01832,A2F584,1625680103,38.19809,-86.47631,
1625683703,38.89124,-86.850736,1381.01832,AA1F97,1625680103,38.48781,-87.26959,
1625683707,38.891247,-86.850845,1366.54032,ABC455,1625680107,39.17948,-87.14819,
1625683705,38.891243,-86.850784,1374.86136,A4E876,1625680105,38.80180,-86.11475,
1625683707,38.891247,-86.850845,1366.54032,A3E9B2,1625680107,39.04449,-87.28596,
1625683707,38.891247,-86.850845,1366.54032,AA28E5,1625680107,38.30704,-86.40560,
1625683706,38.891245,-86.850814,1370.56368,ABE23E,1625680106,39.13046,-86.97876,
1625683707,38.891247,-86.850845,1366.54032,AA763F,1625680107,38.67006,-87.10742,
1625683707,38.891247,-86.850845,1366.54032,AA1F97,1625680107,38.49162,-87.27863,
1625683707,38.891247,-86.850845,1366.54032,ABE23E,1625680107,39.13023,-86.98157,
1625683708,38.891249,-86.850874,1362.48648,AA763F,1625680108,38.66680,-87.11035,
1625683708,38.891249,-86.850874,1362.48648,A4E876,1625680108,38.80157,-86.11200,
1625683708,38.891249,-86.850874,1362.48648,A3E9B2,1625680108,39.04639,-87.28156,
1625683709,38.891251,-86.850904,1358.09736,AAE1F8,1625680109,38.34741,-86.01822,
1625683710,38.891253,-86.850934,1353.9216,AB19FB,1625680110,39.08028,-86.31567,
1625683710,38.891253,-86.850934,1353.9216,AA1F97,1625680110,38.49422,-87.28476,
1625683710,38.891253,-86.850934,1353.9216,ABE23E,1625680110,39.12976,-86.98785,
1625683710,38.891253,-86.850934,1353.9216,A2F584,1625680110,38.20202,-86.46443,
1625683712,38.891255,-86.850979,1347.88656,A11A38,1625680112,39.20364,-86.89746,
1625683712,38.891255,-86.850979,1347.88656,ACAA54,1625680112,38.61003,-86.19037,
1625683712,38.891255,-86.850979,1347.88656,AB34D6,1625680112,39.04248,-86.49872,
1625683713,38.891257,-86.85101,1343.64984,A3E9B2,1625680113,39.05058,-87.27187,
1625683715,38.891261,-86.851074,1334.96304,A11A38,1625680115,39.20052,-86.89355,
1625683715,38.891261,-86.851074,1334.96304,A4FD62,1625680115,38.89346,-86.80811,
1625683716,38.891261,-86.851089,1332.92088,AA4E1C,1625680116,39.32446,-86.99834,
1625683717,38.891263,-86.851119,1328.68416,ABC455,1625680117,39.18521,-87.12254,
1625683717,38.891263,-86.851119,1328.68416,A89B9B,1625680117,39.26854,-87.01306,
1625683719,38.891266,-86.851183,1320.2412,AA763F,1625680119,38.65114,-87.12433,
1625683720,38.891267,-86.851198,1318.16856,AA1F97,1625680120,38.50365,-87.30733,
1625683720,38.891267,-86.851198,1318.16856,ABC455,1625680120,39.18721,-87.11359,
1625683722,38.891272,-86.85126,1309.66464,AAE1F8,1625680122,38.33459,-86.00752,
1625683722,38.891272,-86.85126,1309.66464,A2F584,1625680122,38.21375,-86.42914,
1625683722,38.891272,-86.85126,1309.66464,ACAA54,1625680122,38.61699,-86.20518,
1625683722,38.891272,-86.85126,1309.66464,A4E876,1625680122,38.79863,-86.07137,
1625683725,38.891276,-86.851335,1299.85008,A3E9B2,1625680125,39.06175,-87.24622,
1625683727,38.89128,-86.851395,1291.8948,AA4E1C,1625680127,39.33023,-86.97751,
1625683727,38.89128,-86.851395,1291.8948,AB19FB,1625680127,39.09865,-86.35224,
1625683727,38.89128,-86.851395,1291.8948,A2F584,1625680127,38.21706,-86.41911,
1625683727,38.89128,-86.851395,1291.8948,A89B9B,1625680127,39.28267,-87.03596,
1625683729,38.891282,-86.851439,1285.76832,A05878,1625680129,38.84441,-86.57836,
1625683729,38.891282,-86.851439,1285.76832,ABB5A2,1625680129,38.22553,-86.60158,
1625683730,38.891283,-86.851469,1281.80592,AA763F,1625680130,38.63416,-87.13949,
1625683729,38.891282,-86.851439,1285.76832,AA1F97,1625680129,38.51207,-87.32740,
1625683730,38.891283,-86.851469,1281.80592,A089B6,1625680130,39.37413,-86.36968,
1625683731,38.891285,-86.851498,1277.874,AA1F97,1625680131,38.51313,-87.33002,
1625683731,38.891285,-86.851498,1277.874,ABC455,1625680131,39.19275,-87.08862,
1625683732,38.891287,-86.851527,1273.88112,A49FD2,1625680132,39.46568,-87.15657,
1625683732,38.891287,-86.851527,1273.88112,AD14CD,1625680132,39.00581,-86.14774,
1625683733,38.891289,-86.851557,1269.73584,A089B6,1625680133,39.36786,-86.36854,
1625683733,38.891289,-86.851557,1269.73584,ACAA54,1625680133,38.62462,-86.22156,
1625683733,38.891289,-86.851557,1269.73584,A4E876,1625680133,38.79749,-86.04158,
1625683735,38.891291,-86.851603,1263.42648,AAE9AF,1625680135,38.32077,-87.36755,
1625683735,38.891291,-86.851603,1263.42648,A04641,1625680135,37.97026,-87.32308,
1625683735,38.891291,-86.851603,1263.42648,ACAA54,1625680135,38.62518,-86.22272,
1625683735,38.891291,-86.851603,1263.42648,A3E9B2,1625680135,39.07008,-87.22721,
1625683736,38.891294,-86.851634,1258.91544,ACBD69,1625680136,39.52135,-86.39863,
1625683737,38.891295,-86.851657,1255.71504,A04641,1625680137,37.97075,-87.31754,
1625683736,38.891294,-86.851634,1258.91544,A52C0C,1625680136,39.73480,-86.16583,
1625683736,38.891294,-86.851634,1258.91544,ABB5A2,1625680136,38.22642,-86.58528,
1625683737,38.891295,-86.851657,1255.71504,AA4E1C,1625680137,39.33618,-86.95589,
1625683737,38.891295,-86.851657,1255.71504,AB3C15,1625680137,39.52257,-86.01465,
1625683737,38.891295,-86.851657,1255.71504,AA28E5,1625680137,38.24419,-86.41939,
1625683738,38.891296,-86.851663,1254.92256,ABB5A2,1625680138,38.22670,-86.58015,
1625683738,38.891296,-86.851663,1254.92256,A89B9B,1625680138,39.29709,-87.05925,
1625683739,38.891299,-86.851659,1254.03864,AB5ADE,1625680139,38.27004,-87.01829,
1625683739,38.891299,-86.851659,1254.03864,ACAA54,1625680139,38.62715,-86.22697,
1625683740,38.891302,-86.851654,1253.24616,AA763F,1625680140,38.61694,-87.15484,
1625683740,38.891302,-86.851654,1253.24616,ABE23E,1625680140,39.12318,-87.06916,
1625683740,38.891302,-86.851654,1253.24616,ACBD69,1625680140,39.51814,-86.40156,
1625683740,38.891302,-86.851654,1253.24616,AA1F97,1625680140,38.52333,-87.35283,
1625683742,38.891316,-86.851608,1246.0224,ABC455,1625680142,39.19829,-87.06323,
1625683742,38.891316,-86.851608,1246.0224,AB34D6,1625680142,39.03540,-86.54211,
1625683743,38.891324,-86.851581,1241.96856,A089B6,1625680143,39.35694,-86.36658,
1625683745,38.891339,-86.851526,1235.62872,ABD559,1625680145,39.09810,-87.61656,
1625683745,38.891339,-86.851526,1235.62872,A4E876,1625680145,38.79721,-86.00904,
1625683736,38.891294,-86.851634,1258.91544,AAE9AF,1625680136,38.32173,-87.36726,
1625683746,38.891343,-86.851512,1233.9828,A11A38,1625680146,39.15015,-86.83160,
1625683746,38.891343,-86.851512,1233.9828,A3E9B2,1625680146,39.08060,-87.20319,
1625683747,38.89135,-86.851484,1230.75192,AB3C15,1625680147,39.50967,-85.99226,
1625683747,38.89135,-86.851484,1230.75192,A4FD62,1625680147,38.94502,-86.87260,
1625683747,38.89135,-86.851484,1230.75192,AA4E1C,1625680147,39.34341,-86.92950,
1625683746,38.891343,-86.851512,1233.9828,A52C0C,1625680146,39.74245,-86.14434,
1625683748,38.891359,-86.851455,1227.30768,A89B9B,1625680148,39.30940,-87.07925,
1625683750,38.891373,-86.851411,1221.9432,ACAA54,1625680150,38.63461,-86.24297,
1625683751,38.891382,-86.85138,1218.16368,ABB5A2,1625680151,38.22795,-86.55513,
1625683751,38.891382,-86.85138,1218.16368,AB3C15,1625680151,39.50725,-85.98810,
1625683751,38.891382,-86.85138,1218.16368,AA763F,1625680151,38.60220,-87.16798,
1625683752,38.891392,-86.85135,1214.29272,ACBD69,1625680152,39.50340,-86.41165,
1625683752,38.891392,-86.85135,1214.29272,AAE1F8,1625680152,38.30099,-85.97959,
1625683752,38.891392,-86.85135,1214.29272,AAB18C,1625680152,38.29392,-87.45947,
1625683752,38.891392,-86.85135,1214.29272,AA1F97,1625680152,38.53524,-87.37537,
1625683752,38.891392,-86.85135,1214.29272,ABC455,1625680152,39.20389,-87.03793,
1625683754,38.891406,-86.851304,1208.41008,A35AAE,1625680154,38.69967,-85.34192,
1625683754,38.891406,-86.851304,1208.41008,A089B6,1625680154,39.33469,-86.36267,
1625683755,38.891416,-86.851274,1204.50864,A57DC2,1625680155,37.93011,-86.85367,
1625683756,38.891425,-86.851242,1200.66816,AB19FB,1625680156,39.13190,-86.41864,
1625683756,38.891425,-86.851242,1200.66816,A3E9B2,1625680156,39.09019,-87.18115,
1625683757,38.89143,-86.851226,1198.68696,A04641,1625680157,37.97489,-87.26823,
1625683757,38.89143,-86.851226,1198.68696,AD14CD,1625680157,39.03764,-86.13904,
1625683757,38.89143,-86.851226,1198.68696,A2F584,1625680157,38.24126,-86.34599,
1625683759,38.891449,-86.851164,1191.06696,A05878,1625680159,38.86847,-86.59003,
1625683759,38.891449,-86.851164,1191.06696,AA4E1C,1625680159,39.34972,-86.90649,
1625683760,38.891458,-86.851134,1187.196,ABD559,1625680160,39.09924,-87.56205,
1625683760,38.891458,-86.851134,1187.196,A89B9B,1625680160,39.32433,-87.10337,
1625683760,38.891458,-86.851134,1187.196,A2E93C,1625680160,39.20089,-85.62042,
1625683761,38.891466,-86.851104,1183.26408,ACAA54,1625680161,38.64315,-86.26117,
1625683761,38.891466,-86.851104,1183.26408,AAE9AF,1625680161,38.33606,-87.36328,
1625683761,38.891466,-86.851104,1183.26408,ABB5A2,1625680161,38.22902,-86.53328,
1625683762,38.891471,-86.851089,1181.37432,AAE377,1625680162,39.45507,-87.91986,
1625683763,38.89148,-86.85106,1177.47288,A49FD2,1625680163,39.45314,-87.23162,
1625683762,38.891471,-86.851089,1181.37432,AB3C15,1625680162,39.48970,-85.95770,
1625683762,38.891471,-86.851089,1181.37432,AA763F,1625680162,38.58517,-87.18308,
1625683763,38.89148,-86.85106,1177.47288,AA1F97,1625680163,38.54700,-87.39493,
1625683762,38.891471,-86.851089,1181.37432,ABC455,1625680162,39.20946,-87.01282,
1625683764,38.891489,-86.851029,1173.51048,A82A06,1625680164,39.88458,-89.28583,
1625683765,38.891498,-86.850999,1169.39568,AC2C49,1625680165,39.56026,-86.31068,
1625683764,38.891489,-86.851029,1173.51048,A089B6,1625680164,39.31824,-86.35976,
1625683765,38.891498,-86.850999,1169.39568,AA763F,1625680165,38.58077,-87.18707,
1625683767,38.891512,-86.850953,1163.08632,A3E9B2,1625680167,39.10007,-87.15836,
1625683768,38.891521,-86.850923,1159.03248,AAE9AF,1625680168,38.34173,-87.36197,
1625683768,38.891521,-86.850923,1159.03248,A52C0C,1625680168,39.75882,-86.09894,
1625683768,38.891521,-86.850923,1159.03248,A57DC2,1625680168,37.92998,-86.79287,
1625683768,38.891521,-86.850923,1159.03248,A49FD2,1625680168,39.45053,-87.24739,
1625683768,38.891521,-86.850923,1159.03248,A2F584,1625680168,38.25261,-86.31187,
1625683768,38.891521,-86.850923,1159.03248,A46D70,1625680168,39.78229,-85.94122,
1625683770,38.891538,-86.850863,1150.98576,AD14CD,1625680170,39.05291,-86.13501,
1625683770,38.891538,-86.850863,1150.98576,ABB5A2,1625680170,38.22963,-86.52061,
1625683769,38.891529,-86.850893,1155.13104,ACBD69,1625680169,39.48175,-86.42389,
1625683769,38.891529,-86.850893,1155.13104,AA4E1C,1625680169,39.35596,-86.88367,
1625683770,38.891538,-86.850863,1150.98576,AB5ADE,1625680170,38.27875,-86.93721,
1625683771,38.891547,-86.850833,1146.99288,ABE23E,1625680171,39.11659,-87.14709,
1625683771,38.891547,-86.850833,1146.99288,A89B9B,1625680171,39.33769,-87.12505,
1625683771,38.891547,-86.850833,1146.99288,A2E93C,1625680171,39.20764,-85.65741,
1625683771,38.891547,-86.850833,1146.99288,ACAA54,1625680171,38.64977,-86.27534,
1625683772,38.891551,-86.850819,1145.01168,AD20B5,1625680172,39.75705,-86.71622,
1625683772,38.891551,-86.850819,1145.01168,AAE9AF,1625680172,38.34424,-87.36149,
1625683772,38.891551,-86.850819,1145.01168,AC2C49,1625680172,39.55004,-86.31915,
1625683772,38.891551,-86.850819,1145.01168,AAE377,1625680172,39.43350,-87.91284,
1625683772,38.891551,-86.850819,1145.01168,AA1F97,1625680172,38.55917,-87.41451,
1625683772,38.891551,-86.850819,1145.01168,ABC455,1625680172,39.21477,-86.98877,
1625683773,38.89156,-86.850788,1141.11024,A24637,1625680173,38.85734,-86.31885,
1625683773,38.89156,-86.850788,1141.11024,A081CA,1625680173,38.34503,-87.60146,
1625683773,38.89156,-86.850788,1141.11024,AB34D6,1625680173,39.02814,-86.58685,
1625683777,38.891593,-86.850684,1127.69904,ABC455,1625680177,39.21682,-86.97961,
1625683777,38.891593,-86.850684,1127.69904,A3E9B2,1625680177,39.10849,-87.13890,
1625683777,38.891593,-86.850684,1127.69904,A4FD62,1625680177,38.99080,-86.93011,
1625683776,38.891588,-86.850699,1129.55832,A05878,1625680176,38.88336,-86.59711,
1625683778,38.891606,-86.850639,1121.87736,ACBD69,1625680178,39.47104,-86.42998,
1625683778,38.891606,-86.850639,1121.87736,A49FD2,1625680178,39.44728,-87.26667,
1625683778,38.891606,-86.850639,1121.87736,AA1F97,1625680178,38.56480,-87.42353,
1625683778,38.891606,-86.850639,1121.87736,A89B9B,1625680178,39.34772,-87.14124,
1625683778,38.891606,-86.850639,1121.87736,ACAA54,1625680178,38.65451,-86.28546,
1625683778,38.891606,-86.850639,1121.87736,AB34D6,1625680178,39.02725,-86.59210,
1625683778,38.891606,-86.850639,1121.87736,ABC455,1625680178,39.21761,-86.97601,
1625683778,38.891606,-86.850639,1121.87736,A3E9B2,1625680178,39.10945,-87.13657,
1625683778,38.891606,-86.850639,1121.87736,A2F584,1625680178,38.25928,-86.28901,
1625683778,38.891606,-86.850639,1121.87736,ABB5A2,1625680178,38.23045,-86.50395,
1625683778,38.891606,-86.850639,1121.87736,AB3C15,1625680178,39.47276,-85.92853,
1625683778,38.891606,-86.850639,1121.87736,AA763F,1625680178,38.56136,-87.20581,
1625683778,38.891606,-86.850639,1121.87736,AD14CD,1625680178,39.06305,-86.13226,
1625683779,38.891611,-86.850624,1119.9876,AB19FB,1625680179,39.15686,-86.46863,
1625683779,38.891611,-86.850624,1119.9876,A11A38,1625680179,39.09819,-86.76817,
1625683779,38.891611,-86.850624,1119.9876,A89B9B,1625680179,39.34955,-87.14415,
1625683779,38.891611,-86.850624,1119.9876,A4E876,1625680179,38.79776,-85.91541,
1625683779,38.891611,-86.850624,1119.9876,A3E9B2,1625680179,39.11086,-87.13330,
1625683779,38.891611,-86.850624,1119.9876,A4FD62,1625680179,38.99532,-86.93579,
1625683779,38.891611,-86.850624,1119.9876,ABB5A2,1625680179,38.23056,-86.50205,
1625683779,38.891611,-86.850624,1119.9876,AA763F,1625680179,38.55992,-87.20740,
1625683779,38.891611,-86.850624,1119.9876,A05878,1625680179,38.88602,-86.59800,
1625683780,38.89162,-86.850594,1116.08616,ACAA54,1625680180,38.65600,-86.28857,
1625683780,38.89162,-86.850594,1116.08616,ABD559,1625680180,39.10043,-87.50592,
1625683780,38.89162,-86.850594,1116.08616,ABC455,1625680180,39.21877,-86.97064,
1625683782,38.891633,-86.850549,1110.05112,AC2C49,1625680182,39.53253,-86.33350,
1625683782,38.891633,-86.850549,1110.05112,ACBD69,1625680182,39.46513,-86.43323,
1625683782,38.891633,-86.850549,1110.05112,A11A38,1625680182,39.09476,-86.76398,
1625683782,38.891633,-86.850549,1110.05112,A089B6,1625680182,39.28770,-86.35439,
1625683782,38.891633,-86.850549,1110.05112,A2F584,1625680182,38.26181,-86.27873,
1625683781,38.891629,-86.850564,1112.09328,AAE9AF,1625680181,38.34992,-87.36053,
1625683781,38.891629,-86.850564,1112.09328,AAE1F8,1625680181,38.26781,-85.95224,
1625683783,38.891642,-86.85052,1106.21064,AAE377,1625680183,39.41280,-87.90607,
1625683782,38.891633,-86.850549,1110.05112,AAB18C,1625680182,38.28772,-87.34441,
1625683783,38.891642,-86.85052,1106.21064,ABE23E,1625680183,39.11371,-87.18063,
1625683783,38.891642,-86.85052,1106.21064,AD14CD,1625680183,39.07004,-86.13025,
1625683785,38.891659,-86.850461,1098.25536,AAB18C,1625680185,38.28726,-87.33593,
1625683785,38.891659,-86.850461,1098.25536,A49FD2,1625680185,39.44380,-87.28745,
1625683785,38.891659,-86.850461,1098.25536,AA1F97,1625680185,38.57520,-87.43822,
1625683787,38.891677,-86.850402,1090.2696,AB5ADE,1625680187,38.28368,-86.89135,
1625683787,38.891677,-86.850402,1090.2696,A04641,1625680187,37.98125,-87.19101,
1625683786,38.891668,-86.850432,1094.17104,A2E93C,1625680186,39.21359,-85.69014,
1625683787,38.891677,-86.850402,1090.2696,AA4E1C,1625680187,39.36644,-86.84531,
1625683788,38.891682,-86.850387,1088.34936,A35AAE,1625680188,38.72301,-85.42396,
1625683789,38.89169,-86.850356,1084.26504,A89B9B,1625680189,39.36086,-87.16254,
1625683789,38.89169,-86.850356,1084.26504,A3E9B2,1625680189,39.11897,-87.11460,
1625683789,38.89169,-86.850356,1084.26504,ABB5A2,1625680189,38.23210,-86.48356,
1625683788,38.891682,-86.850387,1088.34936,AA763F,1625680188,38.54672,-87.22303,
1625683790,38.891699,-86.850326,1080.11976,ACAA54,1625680190,38.66194,-86.30131,
1625683790,38.891699,-86.850326,1080.11976,ABC455,1625680190,39.22362,-86.94873,
1625683792,38.891717,-86.850266,1072.01208,AA127E,1625680192,39.96501,-87.02661,
1625683792,38.891717,-86.850266,1072.01208,AC2C49,1625680192,39.52126,-86.34281,
1625683792,38.891717,-86.850266,1072.01208,A089B6,1625680192,39.26862,-86.35105,
1625683793,38.891722,-86.850251,1069.93944,AAE377,1625680193,39.39212,-87.89940,
1625683793,38.891722,-86.850251,1069.93944,A52C0C,1625680193,39.77107,-86.06451,
1625683793,38.891722,-86.850251,1069.93944,AAE9AF,1625680193,38.35704,-87.35910,
1625683795,38.891742,-86.850184,1061.3136,AA28E5,1625680195,38.13108,-86.44425,
1625683796,38.891751,-86.850152,1057.10736,AA1F97,1625680196,38.59092,-87.45551,
1625683797,38.891757,-86.850136,1054.9128,AE1191,1625680197,39.49196,-85.90186,
1625683797,38.891757,-86.850136,1054.9128,A2E93C,1625680197,39.21747,-85.71179,
1625683799,38.891771,-86.850086,1048.39008,A4FD62,1625680199,39.02504,-86.97327,
1625683799,38.891771,-86.850086,1048.39008,A89B9B,1625680199,39.37607,-87.18726,
1625683800,38.891781,-86.850054,1044.21432,A3E9B2,1625680200,39.12923,-87.09083,
1625683800,38.891781,-86.850054,1044.21432,ABB5A2,1625680200,38.23554,-86.46157,
1625683800,38.891781,-86.850054,1044.21432,AA763F,1625680200,38.53084,-87.24375,
1625683801,38.891786,-86.850038,1042.01976,ACAA54,1625680201,38.67023,-86.31898,
1625683801,38.891786,-86.850038,1042.01976,ABC455,1625680201,39.22971,-86.92108,
1625683802,38.891796,-86.850005,1037.50872,A35AAE,1625680202,38.73303,-85.45924,
1625683802,38.891796,-86.850005,1037.50872,ACBD69,1625680202,39.43639,-86.44933,
1625683802,38.891796,-86.850005,1037.50872,A2E93C,1625680202,39.22073,-85.72980,
1625683804,38.891814,-86.849943,1029.21816,AAE377,1625680204,39.37067,-87.89252,
1625683802,38.891796,-86.850005,1037.50872,AB4531,1625680202,38.86530,-87.97656,
1625683804,38.891814,-86.849943,1029.21816,AC2C49,1625680204,39.50075,-86.35964,
1625683802,38.891796,-86.850005,1037.50872,ACBD69,1625680202,39.43405,-86.45064,
1625683804,38.891814,-86.849943,1029.21816,A089B6,1625680204,39.24751,-86.34728,
1625683804,38.891814,-86.849943,1029.21816,AAE9AF,1625680204,38.36109,-87.35815,
1625683804,38.891814,-86.849943,1029.21816,A35AAE,1625680204,38.73370,-85.46143,
1625683804,38.891814,-86.849943,1029.21816,ACBD69,1625680204,39.43333,-86.45105,
1625683805,38.891819,-86.849926,1027.05408,A24637,1625680205,38.85242,-86.30734,
1625683807,38.891837,-86.849865,1019.15976,A57DC2,1625680207,37.92969,-86.69246,
1625683807,38.891837,-86.849865,1019.15976,AAE1F8,1625680207,38.24085,-85.92992,
1625683807,38.891837,-86.849865,1019.15976,A089B6,1625680207,39.24001,-86.34597,
1625683807,38.891837,-86.849865,1019.15976,AA1F97,1625680207,38.60820,-87.46944,
1625683807,38.891837,-86.849865,1019.15976,A52C0C,1625680207,39.79019,-86.00922,
1625683808,38.891846,-86.849836,1015.56312,AB34D6,1625680208,39.02019,-86.63550,
1625683808,38.891846,-86.849836,1015.56312,A4FD62,1625680208,39.04207,-86.99476,
1625683810,38.891859,-86.849793,1010.13768,AAE377,1625680210,39.35385,-87.88704,
1625683809,38.891855,-86.849807,1011.87504,AB19FB,1625680209,39.19148,-86.53793,
1625683810,38.891859,-86.849793,1010.13768,A57DC2,1625680210,37.92966,-86.67944,
1625683810,38.891859,-86.849793,1010.13768,A89B9B,1625680210,39.38952,-87.20905,
1625683810,38.891859,-86.849793,1010.13768,A4E876,1625680210,38.79812,-85.83020,
1625683810,38.891859,-86.849793,1010.13768,A3E9B2,1625680210,39.13902,-87.06790,
1625683809,38.891855,-86.849807,1011.87504,ABB5A2,1625680209,38.23952,-86.44283,
1625683809,38.891855,-86.849807,1011.87504,AA763F,1625680209,38.51802,-87.26086,
1625683810,38.891859,-86.849793,1010.13768,A05878,1625680210,38.91246,-86.60718,
1625683811,38.891869,-86.849763,1006.11432,ABBC75,1625680211,39.05123,-88.22729,
1625683812,38.891878,-86.849732,1002.09096,A5A2BA,1625680212,39.42998,-87.31366,
1625683811,38.891869,-86.849763,1006.11432,A24637,1625680211,38.85194,-86.30627,
1625683812,38.891878,-86.849732,1002.09096,ACAA54,1625680212,38.67658,-86.33258,
1625683811,38.891869,-86.849763,1006.11432,ABD559,1625680211,39.10217,-87.42233,
1625683812,38.891878,-86.849732,1002.09096,ABC455,1625680212,39.23479,-86.89791,
1625683812,38.891878,-86.849732,1002.09096,A11A38,1625680212,39.04797,-86.70691,
1625683812,38.891878,-86.849732,1002.09096,A2E93C,1625680212,39.22487,-85.75281,
1625683812,38.891878,-86.849732,1002.09096,A2F584,1625680212,38.27809,-86.20846,
1625683810,38.891859,-86.849793,1010.13768,AB3C15,1625680210,39.43333,-85.86053,
1625683813,38.891887,-86.849702,998.09808,A5A2BA,1625680213,39.43035,-87.31226,
1625683814,38.891896,-86.849673,994.07472,AC2C49,1625680214,39.47910,-86.37750,
1625683814,38.891896,-86.849673,994.07472,AAE9AF,1625680214,38.37050,-87.35630,
1625683814,38.891896,-86.849673,994.07472,ABE23E,1625680214,39.10709,-87.25873,
1625683814,38.891896,-86.849673,994.07472,AAF260,1625680214,36.85950,-87.44580,
1625683814,38.891896,-86.849673,994.07472,A35AAE,1625680214,38.74187,-85.48987,
1625683814,38.891896,-86.849673,994.07472,ACBD69,1625680214,39.41764,-86.45990,
1625683814,38.891896,-86.849673,994.07472,AD14CD,1625680214,39.10931,-86.11806,
1625683815,38.891901,-86.849658,992.06304,AA127E,1625680215,39.92258,-87.00201,
1625683816,38.891909,-86.84963,988.25304,AAB18C,1625680216,38.28246,-87.24944,
1625683816,38.891909,-86.84963,988.25304,A49FD2,1625680216,39.43007,-87.36884,
1625683817,38.891918,-86.849601,984.38208,AAE377,1625680217,39.34167,-87.88312,
1625683817,38.891918,-86.849601,984.38208,AB4531,1625680217,38.86870,-87.94556,
1625683817,38.891918,-86.849601,984.38208,AB5ADE,1625680217,38.29225,-86.81134,
1625683817,38.891918,-86.849601,984.38208,A04641,1625680217,37.98877,-87.09883,
1625683817,38.891918,-86.849601,984.38208,ABC455,1625680217,39.23753,-86.88532,
1625683817,38.891918,-86.849601,984.38208,AA4E1C,1625680217,39.38374,-86.78101,
1625683818,38.891927,-86.849572,980.60256,A57DC2,1625680218,37.92960,-86.65837,
1625683819,38.891935,-86.849544,977.0364,A089B6,1625680219,39.22060,-86.34257,
1625683819,38.891935,-86.849544,977.0364,AA1F97,1625680219,38.62937,-87.48059,
1625683817,38.891918,-86.849601,984.38208,A52C0C,1625680217,39.79587,-85.99244,
1625683819,38.891935,-86.849544,977.0364,ABC455,1625680219,39.23846,-86.88092,
1625683819,38.891935,-86.849544,977.0364,A4FD62,1625680219,39.05775,-87.01465,
1625683819,38.891935,-86.849544,977.0364,AA28E5,1625680219,38.07701,-86.45615,
1625683820,38.891943,-86.849513,973.01304,A89B9B,1625680220,39.40265,-87.23043,
1625683820,38.891943,-86.849513,973.01304,ABC455,1625680220,39.23941,-86.87654,
1625683820,38.891943,-86.849513,973.01304,A3E9B2,1625680220,39.14796,-87.04706,
1625683820,38.891943,-86.849513,973.01304,AA763F,1625680220,38.50494,-87.27844,
1625683821,38.891952,-86.849482,968.83728,ACAA54,1625680221,38.68375,-86.34796,
1625683822,38.891957,-86.849467,966.76464,ABD559,1625680222,39.10276,-87.39404,
1625683822,38.891957,-86.849467,966.76464,AAE9AF,1625680222,38.37534,-87.35570,
1625683822,38.891957,-86.849467,966.76464,AA4E1C,1625680222,39.38631,-86.77136,
1625683823,38.891966,-86.849438,962.74128,A13B96,1625680223,39.60905,-86.81086,
1625683823,38.891966,-86.849438,962.74128,A2E93C,1625680223,39.22952,-85.77880,
1625683824,38.891975,-86.849407,958.83984,ABBC75,1625680224,39.05756,-88.19678,
1625683824,38.891975,-86.849407,958.83984,ABB5A2,1625680224,38.24536,-86.41679,
1625683825,38.891985,-86.849377,954.87744,A35AAE,1625680225,38.74841,-85.51276,
1625683825,38.891985,-86.849377,954.87744,ACBD69,1625680225,39.40228,-86.46837,
1625683825,38.891985,-86.849377,954.87744,ABB5A2,1625680225,38.24579,-86.41495,
1625683827,38.891998,-86.849333,949.39104,A24637,1625680227,38.84910,-86.29980,
1625683827,38.891998,-86.849333,949.39104,ABC455,1625680227,39.24251,-86.86243,
1625683827,38.891998,-86.849333,949.39104,AAE377,1625680227,39.31915,-87.87582,
1625683827,38.891998,-86.849333,949.39104,AE1191,1625680227,39.52116,-85.95882,
1625683824,38.891975,-86.849407,958.83984,A13B96,1625680224,39.60754,-86.80704,
1625683829,38.892016,-86.849274,941.43576,A26462,1625680229,39.78305,-87.02056,
1625683829,38.892016,-86.849274,941.43576,A24637,1625680229,38.84887,-86.29919,
1625683829,38.892016,-86.849274,941.43576,AC2C49,1625680229,39.45268,-86.39923,
1625683828,38.892007,-86.849304,945.4896,A04641,1625680228,37.99021,-87.06767,
1625683829,38.892016,-86.849274,941.43576,A089B6,1625680229,39.19824,-86.33862,
1625683828,38.892007,-86.849304,945.4896,AA1F97,1625680228,38.64678,-87.48560,
1625683828,38.892007,-86.849304,945.4896,A52C0C,1625680228,39.80132,-85.97656,
1625683830,38.892025,-86.849244,937.50384,A081CA,1625680230,38.36092,-87.45269,
1625683830,38.892025,-86.849244,937.50384,AB4531,1625680230,38.87261,-87.90497,
1625683830,38.892025,-86.849244,937.50384,A4FD62,1625680230,39.07502,-87.03650,
1625683830,38.892025,-86.849244,937.50384,ABB5A2,1625680230,38.24746,-86.40723,
1625683831,38.89203,-86.849228,935.49216,A089B6,1625680231,39.19331,-86.33779,
1625683831,38.89203,-86.849228,935.49216,A2E93C,1625680231,39.23154,-85.79015,
1625683831,38.89203,-86.849228,935.49216,A89B9B,1625680231,39.41707,-87.25396,
1625683831,38.89203,-86.849228,935.49216,A3E9B2,1625680231,39.15742,-87.02503,
1625683830,38.892025,-86.849244,937.50384,AA763F,1625680230,38.49124,-87.29695,
1625683832,38.892038,-86.849199,931.56024,A24637,1625680232,38.84835,-86.29779,
1625683832,38.892038,-86.849199,931.56024,ACAA54,1625680232,38.69046,-86.36233,
1625683831,38.89203,-86.849228,935.49216,ABD559,1625680231,39.10337,-87.36652,
1625683832,38.892038,-86.849199,931.56024,AAE9AF,1625680232,38.38229,-87.35504,
1625683833,38.892046,-86.84917,927.75024,A089B6,1625680233,39.19075,-86.33734,
1625683833,38.892046,-86.84917,927.75024,A05878,1625680233,38.93188,-86.61382,
1625683834,38.892055,-86.84914,923.75736,AA127E,1625680234,39.88400,-86.97968,
1625683834,38.892055,-86.84914,923.75736,A089B6,1625680234,39.18896,-86.33701,
1625683834,38.892055,-86.84914,923.75736,AA4E1C,1625680234,39.39368,-86.74429,
1625683835,38.892064,-86.84911,920.00832,A35AAE,1625680235,38.75683,-85.54211,
1625683835,38.892064,-86.84911,920.00832,ACBD69,1625680235,39.38713,-86.47691,
1625683835,38.892064,-86.84911,920.00832,A089B6,1625680235,39.18521,-86.33636,
1625683837,38.892077,-86.849066,914.43048,A365A8,1625680237,38.32222,-87.56307,
1625683836,38.892072,-86.849081,916.32024,AE1191,1625680236,39.52965,-85.97540,
1625683837,38.892077,-86.849066,914.43048,ABC455,1625680237,39.24768,-86.83899,
1625683837,38.892077,-86.849066,914.43048,AAE1F8,1625680237,38.21576,-85.90920,
1625683838,38.892086,-86.849037,910.8948,AA127E,1625680238,39.88188,-86.97846,
1625683838,38.892086,-86.849037,910.8948,A24637,1625680238,38.84752,-86.29547,
1625683838,38.892086,-86.849037,910.8948,AAE377,1625680238,39.30000,-87.86963,
1625683839,38.892095,-86.849008,907.2372,A26462,1625680239,39.78534,-87.00987,
1625683840,38.892104,-86.84898,903.54912,AC2C49,1625680240,39.43608,-86.41284,
1625683840,38.892104,-86.84898,903.54912,A04641,1625680240,37.99059,-87.04018,
1625683838,38.892086,-86.849037,910.8948,AA1F97,1625680238,38.66894,-87.48712,
1625683840,38.892104,-86.84898,903.54912,AB34D6,1625680240,39.01338,-86.67712,
1625683840,38.892104,-86.84898,903.54912,A081CA,1625680240,38.36458,-87.41785,
1625683840,38.892104,-86.84898,903.54912,AB19FB,1625680240,39.22422,-86.60376,
1625683840,38.892104,-86.84898,903.54912,A4E876,1625680240,38.79849,-85.74931,
1625683840,38.892104,-86.84898,903.54912,A4FD62,1625680240,39.09055,-87.05614,
1625683840,38.892104,-86.84898,903.54912,ABB5A2,1625680240,38.25128,-86.38976,
1625683841,38.892113,-86.84895,899.52576,A2AF23,1625680241,39.32463,-85.75006,
1625683841,38.892113,-86.84895,899.52576,AB4531,1625680241,38.87453,-87.87241,
1625683841,38.892113,-86.84895,899.52576,A2E93C,1625680241,39.23703,-85.82096,
1625683841,38.892113,-86.84895,899.52576,A89B9B,1625680241,39.42970,-87.27448,
1625683841,38.892113,-86.84895,899.52576,A3E9B2,1625680241,39.16617,-87.00467,
1625683841,38.892113,-86.84895,899.52576,AA763F,1625680241,38.47729,-87.31586,
1625683842,38.892122,-86.84892,895.62432,A11A38,1625680242,38.99928,-86.64783,
1625683843,38.892126,-86.848906,893.6736,ACAA54,1625680243,38.69799,-86.37830,
1625683842,38.892122,-86.84892,895.62432,ABD559,1625680242,39.10388,-87.34076,
1625683842,38.892122,-86.84892,895.62432,A2F584,1625680242,38.29811,-86.12218,
1625683842,38.892122,-86.84892,895.62432,AAE9AF,1625680242,38.38889,-87.35452,
1625683842,38.892122,-86.84892,895.62432,AB3C15,1625680242,39.39578,-85.79534,
1625683844,38.892136,-86.848887,889.58928,A24637,1625680244,38.84700,-86.29388,
1625683844,38.892136,-86.848887,889.58928,ABE23E,1625680244,39.10007,-87.34400,
1625683846,38.892159,-86.848876,881.51208,AA4E1C,1625680246,39.40031,-86.72004,
1625683846,38.892159,-86.848876,881.51208,AA28E5,1625680246,38.02373,-86.46784,
1625683846,38.892159,-86.848876,881.51208,ABC455,1625680246,39.25287,-86.81749,
1625683846,38.892159,-86.848876,881.51208,ABE23E,1625680246,39.09966,-87.34925,
1625683846,38.892159,-86.848876,881.51208,A05878,1625680246,38.94250,-86.61764,
1625683847,38.892165,-86.848875,879.5004,AA763F,1625680247,38.47064,-87.32495,
1625683847,38.892165,-86.848875,879.5004,AA4E1C,1625680247,39.40054,-86.71927,
1625683847,38.892165,-86.848875,879.5004,A04641,1625680247,37.99030,-87.01912,
1625683847,38.892165,-86.848875,879.5004,AB34D6,1625680247,39.01171,-86.68738,
1625683848,38.892176,-86.848872,875.32464,AA763F,1625680248,38.46923,-87.32690,
1625683848,38.892176,-86.848872,875.32464,A4D621,1625680248,38.05394,-86.66822,
1625683848,38.892176,-86.848872,875.32464,A4FD62,1625680248,39.10151,-87.06995,
1625683848,38.892176,-86.848872,875.32464,AAE9AF,1625680248,38.39236,-87.35422,
1625683848,38.892176,-86.848872,875.32464,AD14CD,1625680248,39.15170,-86.10296,
1625683848,38.892176,-86.848872,875.32464,A04641,1625680248,37.99021,-87.01614,
1625683848,38.892176,-86.848872,875.32464,A3E9B2,1625680248,39.17203,-86.99100,
1625683848,38.892176,-86.848872,875.32464,AAE1F8,1625680248,38.19513,-85.89213,
1625683848,38.892176,-86.848872,875.32464,AA1F97,1625680248,38.68575,-87.48480,
1625683848,38.892176,-86.848872,875.32464,ABB5A2,1625680248,38.25471,-86.37416,
1625683848,38.892176,-86.848872,875.32464,A05878,1625680248,38.94407,-86.61823,
1625683849,38.892187,-86.848871,871.1184,AA763F,1625680249,38.46798,-87.32867,
1625683849,38.892187,-86.848871,871.1184,A2E93C,1625680249,39.24088,-85.84239,
1625683849,38.892187,-86.848871,871.1184,A49FD2,1625680249,39.41615,-87.45178,
1625683849,38.892187,-86.848871,871.1184,AAE9AF,1625680249,38.39264,-87.35422,
1625683849,38.892187,-86.848871,871.1184,AB19FB,1625680249,39.23442,-86.62421,
1625683849,38.892187,-86.848871,871.1184,AD14CD,1625680249,39.15216,-86.10278,
1625683849,38.892187,-86.848871,871.1184,ABC455,1625680249,39.25466,-86.81171,
1625683849,38.892187,-86.848871,871.1184,ABD559,1625680249,39.10423,-87.32459,
1625683849,38.892187,-86.848871,871.1184,AB34D6,1625680249,39.01110,-86.69098,
1625683849,38.892187,-86.848871,871.1184,A3E9B2,1625680249,39.17317,-86.98831,
1625683849,38.892187,-86.848871,871.1184,ABB5A2,1625680249,38.25471,-86.37416,
1625683849,38.892187,-86.848871,871.1184,A4E876,1625680249,38.79858,-85.72465,
1625683850,38.892197,-86.848869,866.6988,A2F584,1625680250,38.30272,-86.10117,
1625683850,38.892197,-86.848869,866.6988,A081CA,1625680250,38.36746,-87.39022,
1625683850,38.892197,-86.848869,866.6988,ACAA54,1625680250,38.70200,-86.38693,
1625683850,38.892197,-86.848869,866.6988,ABD559,1625680250,39.10435,-87.31824,
1625683851,38.892207,-86.848868,862.49256,A11A38,1625680251,38.98471,-86.63019,
1625683851,38.892207,-86.848868,862.49256,A089B6,1625680251,39.15385,-86.33081,
1625683852,38.892212,-86.848867,860.17608,A081CA,1625680252,38.36833,-87.38169,
1625683852,38.892212,-86.848867,860.17608,ABD559,1625680252,39.10444,-87.31335,
1625683854,38.892232,-86.848866,850.5444,AC2C49,1625680254,39.41428,-86.43064,
1625683854,38.892232,-86.848866,850.5444,A24637,1625680254,38.84565,-86.28931,
1625683854,38.892232,-86.848866,850.5444,A11A38,1625680254,38.98018,-86.62463,
1625683854,38.892232,-86.848866,850.5444,A89B9B,1625680254,39.43850,-87.28876,
1625683854,38.892232,-86.848866,850.5444,ACAA54,1625680254,38.70547,-86.39433,
1625683856,38.892249,-86.848865,842.74152,A2F584,1625680256,38.30551,-86.08487,
1625683854,38.892232,-86.848866,850.5444,AAE377,1625680254,39.27370,-87.86102,
1625683857,38.892262,-86.848863,837.07224,A2AF23,1625680257,39.33045,-85.76984,
1625683857,38.892262,-86.848863,837.07224,A2F584,1625680257,38.30616,-86.08003,
1625683854,38.892232,-86.848866,850.5444,AB4531,1625680254,38.87591,-87.83563,
1625683857,38.892262,-86.848863,837.07224,ACBD69,1625680257,39.36438,-86.48963,
1625683858,38.892268,-86.848863,834.2376,AA4E1C,1625680258,39.40656,-86.69824,
1625683860,38.892292,-86.848861,822.8076,AA763F,1625680260,38.45421,-87.34776,
1625683860,38.892292,-86.848861,822.8076,A2E93C,1625680260,39.24518,-85.86645,
1625683860,38.892292,-86.848861,822.8076,A4FD62,1625680260,39.11971,-87.09298,
1625683860,38.892292,-86.848861,822.8076,AAE9AF,1625680260,38.39964,-87.35370,
1625683858,38.892268,-86.848863,834.2376,ABC455,1625680258,39.26358,-86.79056,
1625683858,38.892268,-86.848863,834.2376,A04641,1625680258,37.98891,-86.98658,
1625683860,38.892292,-86.848861,822.8076,A3E9B2,1625680260,39.18210,-86.96742,
1625683858,38.892268,-86.848863,834.2376,AA1F97,1625680258,38.70735,-87.47714,
1625683860,38.892292,-86.848861,822.8076,ABB5A2,1625680260,38.25906,-86.35441,
1625683860,38.892292,-86.848861,822.8076,AAE377,1625680260,39.25103,-87.85364,
1625683862,38.892311,-86.848859,814.7304,AC2C49,1625680262,39.40118,-86.44139,
1625683862,38.892311,-86.848859,814.7304,A089B6,1625680262,39.13595,-86.32770,
1625683862,38.892311,-86.848859,814.7304,A2E93C,1625680262,39.24637,-85.87314,
1625683863,38.892323,-86.848858,809.42688,ABD559,1625680263,39.10500,-87.28778,
1625683864,38.892334,-86.848858,804.45864,A89B9B,1625680264,39.45781,-87.32011,
1625683865,38.89234,-86.848858,801.95928,ACAA54,1625680265,38.71220,-86.40878,
1625683866,38.892352,-86.848856,796.99104,A11A38,1625680266,38.96292,-86.60352,
1625683867,38.892363,-86.848855,792.20568,A2AF23,1625680267,39.34320,-85.81329,
1625683865,38.89234,-86.848858,801.95928,A24637,1625680265,38.84463,-86.28589,
1625683867,38.892363,-86.848855,792.20568,A2F584,1625680267,38.30863,-86.05483,
1625683867,38.892363,-86.848855,792.20568,ACBD69,1625680267,39.34493,-86.50067,
1625683867,38.892363,-86.848855,792.20568,AA4E1C,1625680267,39.41235,-86.68422,
1625683869,38.892382,-86.848853,784.43328,A2AF23,1625680269,39.34396,-85.81576,
1625683868,38.89237,-86.848855,789.61488,A89B9B,1625680268,39.46424,-87.33063,
1625683870,38.892393,-86.848852,779.6784,A52C0C,1625680270,39.83847,-85.86975,
1625683870,38.892393,-86.848852,779.6784,AA763F,1625680270,38.44237,-87.36407,
1625683870,38.892393,-86.848852,779.6784,A4FD62,1625680270,39.13633,-87.11414,
1625683866,38.892352,-86.848856,796.99104,AAE9AF,1625680266,38.40308,-87.35341,
1625683870,38.892393,-86.848852,779.6784,ABC455,1625680270,39.27521,-86.77169,
1625683870,38.892393,-86.848852,779.6784,A3E9B2,1625680270,39.19107,-86.94634,
1625683870,38.892393,-86.848852,779.6784,AA1F97,1625680270,38.72532,-87.46613,
1625683870,38.892393,-86.848852,779.6784,ABB5A2,1625680270,38.26287,-86.33707,
1625683871,38.892403,-86.848851,775.07592,A46D70,1625680271,39.77843,-85.64888,
1625683871,38.892403,-86.848851,775.07592,AAE377,1625680271,39.23194,-87.84747,
1625683872,38.892414,-86.84885,770.44296,AC2C49,1625680272,39.38990,-86.45062,
1625683872,38.892414,-86.84885,770.44296,A089B6,1625680272,39.11184,-86.32343,
1625683873,38.892425,-86.848849,765.62712,AAB18C,1625680273,38.27412,-87.10090,
1625683871,38.892403,-86.848851,775.07592,A2E93C,1625680271,39.25021,-85.89464,
1625683873,38.892425,-86.848849,765.62712,ABD559,1625680273,39.10712,-87.25993,
1625683875,38.892441,-86.848847,758.19,ACAA54,1625680275,38.71945,-86.42426,
1625683875,38.892441,-86.848847,758.19,AA28E5,1625680275,37.98463,-86.47637,
1625683877,38.892464,-86.848845,747.88776,A2F584,1625680277,38.30988,-86.02785,
1625683877,38.892464,-86.848845,747.88776,ABDD64,1625680277,38.28667,-87.50231,
1625683873,38.892425,-86.848849,765.62712,ACBD69,1625680273,39.34007,-86.50336,
1625683877,38.892464,-86.848845,747.88776,ABE23E,1625680277,39.09270,-87.43248,
1625683877,38.892464,-86.848845,747.88776,AAE377,1625680277,39.21716,-87.84268,
1625683871,38.892403,-86.848851,775.07592,AA4E1C,1625680271,39.41490,-86.67950,
1625683875,38.892441,-86.848847,758.19,AB3C15,1625680275,39.35170,-85.71856,
1625683875,38.892441,-86.848847,758.19,A57DC2,1625680275,37.92909,-86.52396,
1625683878,38.892467,-86.848844,745.60176,AB5ADE,1625680278,38.31077,-86.64129,
1625683879,38.892468,-86.848844,745.51032,A05878,1625680279,38.96956,-86.62738,
1625683872,38.892414,-86.84885,770.44296,A2AF23,1625680272,39.34758,-85.82812,
1625683879,38.892468,-86.848844,745.51032,A49FD2,1625680279,39.40693,-87.50635,
1625683879,38.892468,-86.848844,745.51032,AB19FB,1625680279,39.26761,-86.69097,
1625683879,38.892468,-86.848844,745.51032,AD14CD,1625680279,39.18204,-86.09180,
1625683879,38.892468,-86.848844,745.51032,A89B9B,1625680279,39.47970,-87.35571,
1625683880,38.892469,-86.848843,745.32744,AB34D6,1625680280,39.00407,-86.73384,
1625683879,38.892468,-86.848844,745.51032,A4E876,1625680279,38.79878,-85.65137,
1625683881,38.89247,-86.848842,745.35792,AA763F,1625680281,38.42701,-87.38519,
1625683881,38.89247,-86.848842,745.35792,A4FD62,1625680281,39.15350,-87.13593,
1625683880,38.892469,-86.848843,745.32744,ABC455,1625680280,39.29121,-86.75372,
1625683882,38.892469,-86.848843,745.66272,ABD559,1625680282,39.11044,-87.23877,
1625683882,38.892469,-86.848843,745.66272,A3E9B2,1625680282,39.20078,-86.92359,
1625683882,38.892469,-86.848843,745.66272,AA1F97,1625680282,38.74457,-87.44819,
1625683882,38.892469,-86.848843,745.66272,A081CA,1625680282,38.37673,-87.30124,
1625683882,38.892469,-86.848843,745.66272,AC2C49,1625680282,39.36841,-86.46813,
1625683882,38.892469,-86.848843,745.66272,A089B6,1625680282,39.09252,-86.32001,
1625683884,38.892469,-86.848844,745.998,AB4531,1625680284,38.87883,-87.75461,
1625683886,38.892469,-86.848843,746.36376,A4FD62,1625680286,39.16122,-87.14570,
1625683886,38.892469,-86.848843,746.36376,ACAA54,1625680286,38.72667,-86.43977,
1625683888,38.89247,-86.848815,746.63808,A4FD62,1625680288,39.16475,-87.15024,
1625683886,38.892469,-86.848843,746.36376,ACBD69,1625680286,39.32217,-86.51333,
1625683888,38.89247,-86.848815,746.63808,AAE377,1625680288,39.19559,-87.83569,
1625683889,38.892473,-86.848788,746.72952,A04641,1625680289,37.98418,-86.91582,
1625683889,38.892473,-86.848788,746.72952,A05878,1625680289,38.97807,-86.63048,
1625683891,38.892493,-86.848743,746.88192,A89B9B,1625680291,39.49501,-87.37671,
1625683868,38.89237,-86.848855,789.61488,AAE1F8,1625680268,38.17567,-85.87601,
1625683892,38.892507,-86.848711,746.88192,AA763F,1625680292,38.41221,-87.40550,
1625683890,38.892481,-86.848767,746.82096,ABC455,1625680290,39.29703,-86.74841,
1625683892,38.892507,-86.848711,746.88192,ABD559,1625680292,39.11659,-87.21168,
1625683892,38.892507,-86.848711,746.88192,A3E9B2,1625680292,39.21039,-86.90100,
1625683891,38.892493,-86.848743,746.88192,AA1F97,1625680291,38.75762,-87.43097,
1625683893,38.892523,-86.848677,746.57712,AB4531,1625680293,38.87964,-87.73193,
1625683893,38.892523,-86.848677,746.57712,AC2C49,1625680293,39.34921,-86.48376,
1625683893,38.892523,-86.848677,746.57712,A089B6,1625680293,39.06985,-86.31606,
1625683892,38.892507,-86.848711,746.88192,A365A8,1625680292,38.29756,-87.43609,
1625683896,38.892536,-86.848634,745.87608,A11A38,1625680296,38.91499,-86.54528,
1625683896,38.892536,-86.848634,745.87608,ACAA54,1625680296,38.73331,-86.45398,
1625683896,38.892536,-86.848634,745.87608,AA1F97,1625680296,38.76414,-87.42133,
1625683892,38.892507,-86.848711,746.88192,AE1191,1625680292,39.56758,-86.05047,
1625683898,38.892555,-86.848616,743.68152,A4FD62,1625680298,39.17986,-87.16935,
1625683895,38.892535,-86.848647,746.33328,ACBD69,1625680295,39.31313,-86.51843,
1625683898,38.892555,-86.848616,743.68152,AAE377,1625680298,39.17812,-87.83008,
1625683900,38.892584,-86.848616,741.33456,A05878,1625680300,38.98638,-86.63531,
1625683901,38.8926,-86.848613,739.38384,A89B9B,1625680301,39.50647,-87.38979,
1625683901,38.8926,-86.848613,739.38384,AA763F,1625680301,38.39946,-87.42306,
1625683902,38.892612,-86.848609,737.7684,ABD559,1625680302,39.12323,-87.18965,
1625683902,38.892612,-86.848609,737.7684,A3E9B2,1625680302,39.21952,-86.87952,
1625683904,38.892637,-86.848605,732.40392,AAB18C,1625680304,38.26892,-87.00951,
1625683900,38.892584,-86.848616,741.33456,AC2C49,1625680300,39.33888,-86.49220,
1625683899,38.892565,-86.848616,743.16336,A089B6,1625680299,39.05761,-86.31390,
1625683906,38.892664,-86.848605,728.50248,ABD559,1625680306,39.12711,-87.17834,
1625683906,38.892664,-86.848605,728.50248,ACAA54,1625680306,38.74022,-86.46885,
1625683906,38.892664,-86.848605,728.50248,AA1F97,1625680306,38.77689,-87.40233,
1625683895,38.892535,-86.848647,746.33328,A4D621,1625680295,38.13885,-86.72888,
1625683909,38.892668,-86.848648,721.06536,A4FD62,1625680309,39.19661,-87.19060,
1625683909,38.892668,-86.848648,721.06536,ABDD64,1625680309,38.34177,-87.45075,
1625683908,38.892672,-86.848623,723.32088,AB5ADE,1625680308,38.31944,-86.56414,
1625683909,38.892668,-86.848648,721.06536,ABE23E,1625680309,39.08551,-87.51488,
1625683908,38.892672,-86.848623,723.32088,AAE377,1625680308,39.15769,-87.82336,
1625683910,38.892666,-86.848661,719.7852,A49FD2,1625680310,39.39061,-87.60289,
1625683910,38.892666,-86.848661,719.7852,AB19FB,1625680310,39.30244,-86.76124,
1625683907,38.89267,-86.848607,725.8812,A89B9B,1625680307,39.52094,-87.40497,
1625683912,38.892663,-86.848677,716.95056,AB34D6,1625680312,38.99681,-86.77802,
1625683891,38.892493,-86.848743,746.88192,A4E876,1625680291,38.79882,-85.62646,
1625683908,38.892672,-86.848623,723.32088,A05878,1625680308,38.99206,-86.63879,
1625683912,38.892663,-86.848677,716.95056,AA763F,1625680312,38.38623,-87.44120,
1625683912,38.892663,-86.848677,716.95056,A081CA,1625680312,38.38531,-87.21824,
1625683912,38.892663,-86.848677,716.95056,A3E9B2,1625680312,39.22803,-86.85956,
1625683910,38.892666,-86.848661,719.7852,A089B6,1625680310,39.04355,-86.31140,
1625683915,38.892662,-86.848698,715.03032,ABD559,1625680315,39.13530,-87.15436,
1625683915,38.892662,-86.848698,715.03032,A4FD62,1625680315,39.20769,-87.20464,
1625683918,38.892682,-86.848727,712.0128,AB34D6,1625680318,38.99551,-86.78607,
1625683918,38.892682,-86.848727,712.0128,A4FD62,1625680318,39.20924,-87.20655,
