1625683338,38.891141,-86.849036,1604.80248,A3D150,1625679738,39.94221,-86.72778,
1625683338,38.891141,-86.849036,1604.80248,A09322,1625679738,38.39279,-86.27593,
1625683339,38.891141,-86.849036,1609.344,AB5ADE,1625679739,38.11949,-88.08300,
1625683338,38.891141,-86.849036,1604.80248,A05878,1625679738,38.52854,-86.45154,
1625683339,38.891141,-86.849036,1609.344,AA28E5,1625679739,39.02865,-86.24487,
1625683339,38.891141,-86.849036,1609.344,A62F6E,1625679739,39.10691,-86.58447,
1625683339,38.891141,-86.849036,1609.344,A24637,1625679739,38.83347,-86.45297,
1625683339,38.891141,-86.849036,1609.344,A7EE69,1625679739,39.45414,-87.33453,
1625683340,38.891141,-86.849037,1615.04376,A50A14,1625679740,38.75748,-86.00531,
1625683340,38.891141,-86.849037,1615.04376,AA763F,1625679740,39.21185,-86.61944,
1625683342,38.891142,-86.849036,1618.39656,ABC69C,1625679742,39.14419,-86.95099,
1625683341,38.891141,-86.849036,1617.93936,A9CA77,1625679741,38.38362,-86.80631,
1625683342,38.891142,-86.849036,1618.39656,A3E9B2,1625679742,38.41830,-87.00427,
1625683342,38.891142,-86.849036,1618.39656,A6E131,1625679742,38.38809,-87.58999,
1625683344,38.891141,-86.849036,1618.51848,A89B9B,1625679744,38.78604,-86.24405,
1625683344,38.891141,-86.849036,1618.51848,ABC69C,1625679744,39.14689,-86.95490,
1625683345,38.891141,-86.849036,1618.42704,A5AA28,1625679745,39.26155,-87.44244,
1625683345,38.891141,-86.849036,1618.42704,AA1F97,1625679745,38.18098,-86.48527,
1625683345,38.891141,-86.849036,1618.42704,A24637,1625679745,38.83327,-86.45502,
1625683346,38.891141,-86.849036,1618.39656,AA4E1C,1625679746,39.07274,-87.89797,
1625683345,38.891141,-86.849036,1618.42704,AB34D6,1625679745,39.12427,-85.98639,
1625683346,38.891141,-86.849036,1618.39656,A2F584,1625679746,37.90205,-87.37865,
1625683345,38.891141,-86.849036,1618.42704,A44262,1625679745,38.57268,-85.68846,
1625683347,38.891141,-86.849036,1618.39656,AAE1F8,1625679747,38.73966,-86.34607,
1625683347,38.891141,-86.849036,1618.39656,A62F6E,1625679747,39.11069,-86.58522,
1625683345,38.891141,-86.849036,1618.42704,ABB5A2,1625679745,38.17595,-87.46825,
1625683347,38.891141,-86.849036,1618.39656,A4E876,1625679747,38.87452,-87.09631,
1625683347,38.891141,-86.849036,1618.39656,A09322,1625679747,38.39973,-86.25354,
1625683348,38.89114,-86.849036,1618.3356,A75359,1625679748,39.41606,-87.11371,
1625683346,38.891141,-86.849036,1618.39656,A05878,1625679746,38.53194,-86.45319,
1625683349,38.891141,-86.849035,1618.36608,AA28E5,1625679749,39.01091,-86.24890,
1625683350,38.891141,-86.849036,1618.21368,AB0B1F,1625679750,39.66632,-86.47998,
1625683350,38.891141,-86.849036,1618.21368,A7EE69,1625679750,39.45912,-87.33423,
1625683350,38.891141,-86.849036,1618.21368,A07DC8,1625679750,38.15273,-87.05537,
1625683350,38.891141,-86.849036,1618.21368,AA763F,1625679750,39.19968,-86.63043,
1625683351,38.891141,-86.849036,1618.09176,A5AA28,1625679751,39.25969,-87.44228,
1625683350,38.891141,-86.849036,1618.21368,A24637,1625679750,38.83328,-86.45572,
1625683355,38.891141,-86.849035,1618.24416,AA763F,1625679755,39.19270,-86.63672,
1625683355,38.891141,-86.849035,1618.24416,ABC69C,1625679755,39.16170,-86.97644,
1625683356,38.891141,-86.849036,1618.36608,A3E9B2,1625679756,38.44235,-87.02796,
1625683356,38.891141,-86.849036,1618.36608,AA28E5,1625679756,38.99606,-86.25220,
1625683356,38.891141,-86.849036,1618.36608,A9CA77,1625679756,38.39647,-86.78865,
1625683356,38.891141,-86.849036,1618.36608,A09322,1625679756,38.40504,-86.23631,
1625683357,38.891141,-86.849037,1618.39656,A4E876,1625679757,38.87452,-87.06903,
1625683357,38.891141,-86.849037,1618.39656,AA763F,1625679757,39.18828,-86.64069,
1625683357,38.891141,-86.849037,1618.39656,A75359,1625679757,39.42723,-87.13446,
1625683357,38.891141,-86.849037,1618.39656,A09322,1625679757,38.40614,-86.23274,
1625683357,38.891141,-86.849037,1618.39656,AAE1F8,1625679757,38.72918,-86.33722,
1625683357,38.891141,-86.849037,1618.39656,A44262,1625679757,38.58014,-85.66410,
1625683358,38.891141,-86.849037,1618.42704,A4FD62,1625679758,38.26957,-86.19891,
1625683356,38.891141,-86.849036,1618.36608,AB0B1F,1625679756,39.66298,-86.46897,
1625683358,38.891141,-86.849037,1618.42704,A24637,1625679758,38.83443,-86.45960,
1625683359,38.891141,-86.849037,1618.60992,ABC69C,1625679759,39.16794,-86.98553,
1625683359,38.891141,-86.849037,1618.60992,A24637,1625679759,38.83467,-86.45996,
1625683359,38.891141,-86.849037,1618.60992,A09322,1625679759,38.40746,-86.22858,
1625683359,38.891141,-86.849037,1618.60992,AD14CD,1625679759,38.53422,-86.29364,
1625683359,38.891141,-86.849037,1618.60992,AAE1F8,1625679759,38.72745,-86.33576,
1625683360,38.891141,-86.849036,1618.70136,A52C0C,1625679760,39.49489,-86.98748,
1625683360,38.891141,-86.849036,1618.70136,A3E9B2,1625679760,38.45036,-87.03584,
1625683360,38.891141,-86.849036,1618.70136,A9CA77,1625679760,38.40047,-86.78311,
1625683360,38.891141,-86.849036,1618.70136,A6E131,1625679760,38.38943,-87.64261,
1625683362,38.891141,-86.849036,1618.70136,A89B9B,1625679762,38.80934,-86.28076,
1625683362,38.891141,-86.849036,1618.70136,A75359,1625679762,39.43426,-87.14752,
1625683364,38.891141,-86.849036,1618.70136,A89B9B,1625679764,38.81195,-86.28479,
1625683364,38.891141,-86.849036,1618.70136,AB0B1F,1625679764,39.65913,-86.45655,
1625683364,38.891141,-86.849036,1618.70136,A24637,1625679764,38.83557,-86.46127,
1625683364,38.891141,-86.849036,1618.70136,A62F6E,1625679764,39.11901,-86.58606,
1625683363,38.891141,-86.849037,1618.76232,ABC455,1625679763,38.98801,-87.99249,
1625683367,38.891141,-86.849036,1618.6404,AA28E5,1625679767,38.97491,-86.25701,
1625683366,38.891141,-86.849036,1618.60992,A9CA77,1625679766,38.40569,-86.77598,
1625683365,38.891141,-86.849036,1618.70136,A05878,1625679765,38.54288,-86.45770,
1625683366,38.891141,-86.849036,1618.60992,A2F584,1625679766,37.92415,-87.31952,
1625683369,38.891141,-86.849036,1618.57944,AA763F,1625679769,39.17436,-86.65332,
1625683371,38.891141,-86.849037,1618.488,A3E9B2,1625679771,38.46442,-87.04963,
1625683370,38.891141,-86.849036,1618.488,A4E876,1625679770,38.87444,-87.03089,
1625683371,38.891141,-86.849037,1618.488,A24637,1625679771,38.83676,-86.46265,
1625683371,38.891141,-86.849037,1618.488,A62F6E,1625679771,39.12171,-86.58649,
1625683371,38.891141,-86.849037,1618.488,A6E131,1625679771,38.38977,-87.65740,
1625683372,38.891141,-86.849037,1618.42704,A9CA77,1625679772,38.41049,-86.76932,
1625683372,38.891141,-86.849037,1618.42704,A44262,1625679772,38.59046,-85.63446,
1625683376,38.891141,-86.849037,1618.54896,A89B9B,1625679776,38.82880,-86.31134,
1625683377,38.891141,-86.849037,1618.42704,A24637,1625679777,38.83858,-86.46411,
1625683377,38.891141,-86.849037,1618.42704,AA1F97,1625679777,38.18445,-86.56888,
1625683377,38.891141,-86.849037,1618.42704,A62F6E,1625679777,39.12474,-86.58698,
1625683377,38.891141,-86.849037,1618.42704,AA28E5,1625679777,38.95811,-86.26077,
1625683378,38.891141,-86.849037,1618.6404,AA763F,1625679778,39.15916,-86.66702,
1625683381,38.891141,-86.849036,1618.51848,A3E9B2,1625679781,38.48562,-87.07025,
1625683381,38.891141,-86.849036,1618.51848,A4E876,1625679781,38.87433,-87.00061,
1625683382,38.891141,-86.849036,1618.488,A6E131,1625679782,38.39081,-87.69813,
1625683379,38.891141,-86.849037,1618.57944,A24637,1625679779,38.83881,-86.46423,
1625683382,38.891141,-86.849036,1618.488,A62F6E,1625679782,39.12758,-86.58761,
1625683382,38.891141,-86.849036,1618.488,A9CA77,1625679782,38.41901,-86.75760,
1625683384,38.891141,-86.849036,1618.54896,ABC69C,1625679784,39.19964,-87.03180,
1625683382,38.891141,-86.849036,1618.488,A44262,1625679782,38.59868,-85.61538,
1625683386,38.891141,-86.849036,1618.6404,A46D70,1625679786,39.81487,-87.02997,
1625683386,38.891141,-86.849036,1618.6404,AA4E1C,1625679786,39.10462,-87.78583,
1625683386,38.891141,-86.849036,1618.6404,ABC455,1625679786,38.99611,-87.95746,
1625683388,38.891141,-86.849037,1618.73184,AA28E5,1625679788,38.93500,-86.26590,
1625683385,38.891141,-86.849037,1618.6404,A24637,1625679785,38.84128,-86.46533,
1625683388,38.891141,-86.849037,1618.73184,A62F6E,1625679788,39.13065,-86.58826,
1625683388,38.891141,-86.849037,1618.73184,A52C0C,1625679788,39.51056,-86.93011,
1625683390,38.891141,-86.849037,1618.67088,ABE23E,1625679790,39.19656,-86.12057,
1625683390,38.891141,-86.849037,1618.67088,AA763F,1625679790,39.14351,-86.68117,
1625683390,38.891141,-86.849037,1618.67088,A9CA77,1625679790,38.42496,-86.74945,
1625683390,38.891141,-86.849037,1618.67088,AB0B1F,1625679790,39.65071,-86.41667,
1625683390,38.891141,-86.849037,1618.67088,ABC69C,1625679790,39.20673,-87.04217,
1625683388,38.891141,-86.849037,1618.73184,A09322,1625679788,38.42812,-86.16153,
1625683390,38.891141,-86.849037,1618.67088,AD14CD,1625679790,38.57117,-86.27922,
1625683390,38.891141,-86.849037,1618.67088,AAE1F8,1625679790,38.69394,-86.30764,
1625683391,38.891141,-86.849036,1618.70136,A3E9B2,1625679791,38.50396,-87.08777,
1625683391,38.891141,-86.849036,1618.70136,A9CA77,1625679791,38.42587,-86.74823,
1625683392,38.891142,-86.849036,1618.51848,A6E131,1625679792,38.39131,-87.71759,
1625683393,38.891142,-86.849037,1618.6404,A4E876,1625679793,38.87424,-86.97095,
1625683393,38.891142,-86.849037,1618.6404,A75359,1625679793,39.47090,-87.21556,
1625683393,38.891142,-86.849037,1618.6404,A2F584,1625679793,37.94431,-87.26345,
1625683393,38.891142,-86.849037,1618.6404,A3D150,1625679793,40.05432,-86.78009,
1625683394,38.891142,-86.849036,1618.73184,A24637,1625679794,38.84389,-86.46545,
1625683394,38.891142,-86.849036,1618.73184,A44262,1625679794,38.60129,-85.60977,
1625683395,38.891141,-86.849036,1618.6404,A4FD62,1625679795,38.32641,-86.26369,
1625683395,38.891141,-86.849036,1618.6404,A62F6E,1625679795,39.13376,-86.58875,
1625683396,38.891141,-86.849036,1618.67088,ABE23E,1625679796,39.19396,-86.15521,
1625683396,38.891141,-86.849036,1618.67088,A50A14,1625679796,38.70856,-86.01270,
1625683397,38.891141,-86.849036,1618.73184,AA4E1C,1625679797,39.11201,-87.75992,
1625683399,38.891141,-86.849036,1618.85376,A9CA77,1625679799,38.43292,-86.73849,
1625683400,38.891141,-86.849036,1618.82328,AA763F,1625679800,39.12859,-86.69467,
1625683399,38.891141,-86.849036,1618.85376,A24637,1625679799,38.84596,-86.46503,
1625683402,38.891141,-86.849036,1618.73184,A3E9B2,1625679802,38.52272,-87.10553,
1625683402,38.891141,-86.849036,1618.73184,A62F6E,1625679802,39.13735,-86.58911,
1625683402,38.891141,-86.849036,1618.73184,A6E131,1625679802,38.39224,-87.75258,
1625683404,38.891141,-86.849036,1618.76232,A4E876,1625679804,38.87411,-86.94025,
1625683401,38.891141,-86.849036,1618.76232,A2F584,1625679801,37.94856,-87.25114,
1625683404,38.891141,-86.849036,1618.76232,A9CA77,1625679804,38.43688,-86.73309,
1625683404,38.891141,-86.849036,1618.76232,A44262,1625679804,38.61653,-85.57663,
1625683406,38.891141,-86.849037,1618.67088,A07DC8,1625679806,38.14595,-86.87749,
1625683405,38.891141,-86.849036,1618.54896,A05878,1625679805,38.58040,-86.45740,
1625683404,38.891141,-86.849036,1618.76232,AB0B1F,1625679804,39.65250,-86.38904,
1625683406,38.891141,-86.849037,1618.67088,A24637,1625679806,38.84789,-86.46401,
1625683405,38.891141,-86.849036,1618.54896,A44262,1625679805,38.61740,-85.57478,
1625683407,38.891142,-86.849037,1618.70136,A89B9B,1625679807,38.86734,-86.37236,
1625683407,38.891142,-86.849037,1618.70136,AA1F97,1625679807,38.18717,-86.63591,
1625683407,38.891142,-86.849037,1618.70136,AA4E1C,1625679807,39.11980,-87.73248,
1625683408,38.891142,-86.849037,1618.76232,A62F6E,1625679808,39.13953,-86.58922,
1625683408,38.891142,-86.849037,1618.76232,A07DC8,1625679808,38.14565,-86.86896,
1625683410,38.891142,-86.849037,1618.57944,AA763F,1625679810,39.11384,-86.70801,
1625683409,38.891142,-86.849037,1618.60992,A9CA77,1625679809,38.44267,-86.72506,
1625683409,38.891142,-86.849037,1618.60992,A4281D,1625679809,38.22567,-87.85068,
1625683410,38.891142,-86.849037,1618.57944,A46D70,1625679810,39.81331,-86.97273,
1625683412,38.891141,-86.849036,1618.488,A24637,1625679812,38.84940,-86.46300,
1625683412,38.891141,-86.849036,1618.488,A6E131,1625679812,38.39275,-87.77330,
1625683412,38.891141,-86.849036,1618.488,A3E9B2,1625679812,38.54068,-87.12248,
1625683415,38.891141,-86.849036,1618.30512,A7EE69,1625679815,39.48728,-87.33344,
1625683415,38.891141,-86.849036,1618.30512,ADFE9A,1625679815,37.94492,-87.40382,
1625683415,38.891141,-86.849036,1618.30512,A11A38,1625679815,39.69695,-87.51512,
1625683415,38.891141,-86.849036,1618.30512,A62F6E,1625679815,39.14368,-86.58923,
1625683415,38.891141,-86.849036,1618.30512,AAB18C,1625679815,38.33899,-88.36608,
1625683416,38.891141,-86.849037,1618.24416,ABC455,1625679816,39.01831,-87.86137,
1625683416,38.891141,-86.849037,1618.24416,A05878,1625679816,38.58778,-86.45954,
1625683416,38.891141,-86.849037,1618.24416,A44262,1625679816,38.62656,-85.55484,
1625683416,38.891141,-86.849037,1618.24416,AB34D6,1625679816,39.10854,-86.08570,
1625683417,38.891141,-86.849036,1618.3356,AA763F,1625679817,39.10379,-86.71710,
1625683418,38.891142,-86.849036,1618.24416,A9CA77,1625679818,38.44872,-86.71676,
1625683416,38.891141,-86.849037,1618.24416,A24637,1625679816,38.85138,-86.46143,
1625683418,38.891142,-86.849036,1618.24416,ABB5A2,1625679818,38.18634,-87.29575,
1625683418,38.891142,-86.849036,1618.24416,AA28E5,1625679818,38.87851,-86.27862,
1625683418,38.891142,-86.849036,1618.24416,A9CA77,1625679818,38.44954,-86.71558,
1625683418,38.891142,-86.849036,1618.24416,AA4E1C,1625679818,39.12823,-87.70288,
1625683419,38.891142,-86.849037,1618.42704,A5AA28,1625679819,39.23762,-87.44037,
1625683419,38.891142,-86.849037,1618.42704,A52C0C,1625679819,39.53009,-86.85839,
1625683419,38.891142,-86.849037,1618.42704,ABC69C,1625679819,39.24605,-87.09967,
1625683419,38.891142,-86.849037,1618.42704,A09322,1625679819,38.44785,-86.09741,
1625683419,38.891142,-86.849037,1618.42704,AD14CD,1625679819,38.60810,-86.26611,
1625683420,38.891142,-86.849036,1618.51848,AAE1F8,1625679820,38.66103,-86.28005,
1625683420,38.891142,-86.849036,1618.51848,AB0B1F,1625679820,39.65474,-86.36150,
1625683420,38.891142,-86.849036,1618.51848,AB19FB,1625679820,38.75963,-85.68268,
1625683422,38.891142,-86.849036,1618.67088,ABC455,1625679822,39.01888,-87.85901,
1625683424,38.891142,-86.849036,1618.82328,A05878,1625679824,38.59396,-86.46276,
1625683424,38.891142,-86.849036,1618.82328,ABC69C,1625679824,39.25238,-87.10895,
1625683424,38.891142,-86.849036,1618.82328,AAE1F8,1625679824,38.65670,-86.27643,
1625683425,38.891142,-86.849036,1618.9452,AA28E5,1625679825,38.86432,-86.28180,
1625683425,38.891142,-86.849036,1618.9452,AA763F,1625679825,39.09257,-86.72723,
1625683424,38.891142,-86.849036,1618.82328,A05878,1625679824,38.59396,-86.46276,
1625683425,38.891142,-86.849036,1618.9452,ABC69C,1625679825,39.25319,-87.11012,
1625683425,38.891142,-86.849036,1618.9452,AAE1F8,1625679825,38.65604,-86.27587,
1625683425,38.891142,-86.849036,1618.9452,A89B9B,1625679825,38.88995,-86.40801,
1625683426,38.891141,-86.849037,1618.7928,AA763F,1625679826,39.09117,-86.72852,
1625683426,38.891141,-86.849037,1618.7928,ABE23E,1625679826,39.18796,-86.23581,
1625683426,38.891141,-86.849037,1618.7928,A52C0C,1625679826,39.53426,-86.84322,
1625683426,38.891141,-86.849037,1618.7928,A89B9B,1625679826,38.89225,-86.41168,
1625683427,38.891141,-86.849037,1618.60992,A3E9B2,1625679827,38.56549,-87.14606,
1625683426,38.891141,-86.849037,1618.7928,A44262,1625679826,38.63431,-85.53802,
1625683427,38.891141,-86.849037,1618.60992,AA28E5,1625679827,38.86144,-86.28241,
1625683426,38.891141,-86.849037,1618.7928,A75359,1625679826,39.51130,-87.29047,
1625683426,38.891141,-86.849037,1618.7928,AAE1F8,1625679826,38.65343,-86.27366,
1625683429,38.89114,-86.849037,1618.7928,A3E9B2,1625679829,38.56727,-87.14777,
1625683429,38.89114,-86.849037,1618.7928,A4FD62,1625679829,38.38669,-86.33238,
1625683428,38.89114,-86.849037,1618.6404,A5AA28,1625679828,39.23390,-87.44019,
1625683429,38.89114,-86.849037,1618.7928,A24637,1625679829,38.85452,-86.45786,
1625683429,38.89114,-86.849037,1618.7928,ABE23E,1625679829,39.18759,-86.24112,
1625683429,38.89114,-86.849037,1618.7928,A52C0C,1625679829,39.53561,-86.83826,
1625683431,38.89114,-86.849036,1618.7928,AA4E1C,1625679831,39.13702,-87.67175,
1625683433,38.891141,-86.849037,1618.76232,A09322,1625679833,38.45820,-86.06378,
1625683433,38.891141,-86.849037,1618.76232,A9CCB0,1625679833,39.38795,-87.67615,
1625683433,38.891141,-86.849037,1618.76232,AB19FB,1625679833,38.77505,-85.71288,
1625683433,38.891141,-86.849037,1618.76232,A9CA77,1625679833,38.46135,-86.69932,
1625683433,38.891141,-86.849037,1618.76232,AB34D6,1625679833,39.10500,-86.10791,
1625683434,38.891141,-86.849037,1618.73184,AA1F97,1625679834,38.19040,-86.71030,
1625683434,38.891141,-86.849037,1618.73184,A24637,1625679834,38.85558,-86.45637,
1625683434,38.891141,-86.849037,1618.73184,A62F6E,1625679834,39.15198,-86.58904,
1625683436,38.89114,-86.849037,1618.51848,A07DC8,1625679836,38.14238,-86.78533,
1625683436,38.89114,-86.849037,1618.51848,A3E9B2,1625679836,38.58175,-87.16168,
1625683436,38.89114,-86.849037,1618.51848,A75359,1625679836,39.52368,-87.31348,
1625683436,38.89114,-86.849037,1618.51848,AA763F,1625679836,39.07722,-86.74124,
1625683437,38.89114,-86.849037,1618.57944,A09322,1625679837,38.46112,-86.05430,
1625683435,38.89114,-86.849037,1618.70136,A4FD62,1625679835,38.39786,-86.34518,
1625683436,38.89114,-86.849037,1618.51848,A05878,1625679836,38.60261,-86.46857,
1625683436,38.89114,-86.849037,1618.51848,A5AA28,1625679836,39.23194,-87.44000,
1625683436,38.89114,-86.849037,1618.51848,AA1F97,1625679836,38.19108,-86.72578,
1625683436,38.89114,-86.849037,1618.51848,A44262,1625679836,38.64366,-85.51794,
1625683437,38.89114,-86.849037,1618.57944,A2F584,1625679837,37.98174,-87.14553,
1625683439,38.89114,-86.849037,1618.7928,AAB18C,1625679839,38.33600,-88.30142,
1625683439,38.89114,-86.849037,1618.7928,ACAA54,1625679839,38.60102,-85.80389,
1625683441,38.891141,-86.849036,1618.91472,A07DC8,1625679841,38.14224,-86.78241,
1625683440,38.891141,-86.849036,1618.85376,AAB18C,1625679840,38.33600,-88.30142,
1625683441,38.891141,-86.849036,1618.91472,A62F6E,1625679841,39.15583,-86.58893,
1625683442,38.891141,-86.849036,1618.9452,A4FD62,1625679842,38.40778,-86.35642,
1625683439,38.89114,-86.849037,1618.7928,A5AA28,1625679839,39.23073,-87.43994,
1625683442,38.891141,-86.849036,1618.9452,A9CA77,1625679842,38.46918,-86.68828,
1625683443,38.891141,-86.849036,1618.9452,AA4E1C,1625679843,39.14525,-87.64260,
1625683443,38.891141,-86.849036,1618.9452,AA28E5,1625679843,38.82971,-86.28955,
1625683443,38.891141,-86.849036,1618.9452,AB34D6,1625679843,39.10258,-86.12299,
1625683443,38.891141,-86.849036,1618.9452,A4281D,1625679843,38.26579,-87.96402,
1625683443,38.891141,-86.849036,1618.9452,A24637,1625679843,38.85790,-86.45245,
1625683444,38.891141,-86.849037,1619.00616,ABC69C,1625679844,39.27937,-87.14857,
1625683445,38.891141,-86.849037,1618.88424,AB0B1F,1625679845,39.65854,-86.31886,
1625683445,38.891141,-86.849037,1618.88424,ABC455,1625679845,39.03442,-87.79102,
1625683446,38.891141,-86.849037,1618.91472,A3E9B2,1625679846,38.59888,-87.17804,
1625683446,38.891141,-86.849037,1618.91472,AB5ADE,1625679846,38.17200,-87.79946,
1625683447,38.891141,-86.849037,1618.9452,AA763F,1625679847,39.06133,-86.75568,
1625683446,38.891141,-86.849037,1618.91472,A05878,1625679846,38.60926,-86.47296,
1625683446,38.891141,-86.849037,1618.91472,AB19FB,1625679846,38.79012,-85.74225,
1625683446,38.891141,-86.849037,1618.91472,AB34D6,1625679846,39.10204,-86.12648,
1625683447,38.891141,-86.849037,1618.9452,ABC69C,1625679847,39.28227,-87.15277,
1625683446,38.891141,-86.849037,1618.91472,A62F6E,1625679846,39.15844,-86.58893,
1625683447,38.891141,-86.849037,1618.9452,A44262,1625679847,38.65218,-85.49951,
1625683448,38.891141,-86.849037,1618.7928,A9CA77,1625679848,38.47282,-86.68152,
1625683449,38.891141,-86.849037,1618.88424,A4E876,1625679849,38.87363,-86.81824,
1625683449,38.891141,-86.849037,1618.88424,A4281D,1625679849,38.27087,-87.97834,
1625683449,38.891141,-86.849037,1618.88424,A24637,1625679849,38.85855,-86.45130,
1625683451,38.891142,-86.849036,1618.9452,A5AA28,1625679851,39.22743,-87.43982,
1625683452,38.891142,-86.849036,1618.7928,A081CA,1625679852,38.24661,-88.48880,
1625683453,38.891141,-86.849036,1618.67088,A4FD62,1625679853,38.42766,-86.37720,
1625683452,38.891142,-86.849036,1618.7928,A9CA77,1625679852,38.47504,-86.67484,
1625683453,38.891141,-86.849036,1618.67088,AA4E1C,1625679853,39.15221,-87.61794,
1625683453,38.891141,-86.849036,1618.67088,A62F6E,1625679853,39.16119,-86.58905,
1625683454,38.891141,-86.849036,1618.67088,A4E876,1625679854,38.87357,-86.80089,
1625683454,38.891141,-86.849036,1618.67088,A07DC8,1625679854,38.14027,-86.73315,
1625683454,38.891141,-86.849036,1618.67088,AB0B1F,1625679854,39.65900,-86.31379,
1625683454,38.891141,-86.849036,1618.67088,AA28E5,1625679854,38.80730,-86.29456,
1625683454,38.891141,-86.849036,1618.67088,A24637,1625679854,38.85970,-86.44825,
1625683454,38.891141,-86.849036,1618.67088,AD14CD,1625679854,38.65307,-86.25183,
1625683455,38.891142,-86.849036,1618.67088,ABC455,1625679855,39.04029,-87.76520,
1625683456,38.891141,-86.849036,1618.51848,A89B9B,1625679856,38.93106,-86.47315,
1625683457,38.891141,-86.849037,1618.54896,A4E876,1625679857,38.87349,-86.79041,
1625683457,38.891141,-86.849037,1618.54896,A3E9B2,1625679857,38.61657,-87.19482,
1625683457,38.891141,-86.849037,1618.54896,AA763F,1625679857,39.04634,-86.76929,
1625683457,38.891141,-86.849037,1618.54896,A05878,1625679857,38.61662,-86.47793,
1625683457,38.891141,-86.849037,1618.54896,AB19FB,1625679857,38.79909,-85.75981,
1625683457,38.891141,-86.849037,1618.54896,AAE1F8,1625679857,38.62030,-86.24585,
1625683457,38.891141,-86.849037,1618.54896,A62F6E,1625679857,39.16306,-86.58904,
1625683458,38.891142,-86.849036,1618.76232,A44262,1625679858,38.65796,-85.48689,
1625683458,38.891142,-86.849036,1618.76232,ACAA54,1625679858,38.58371,-85.81384,
1625683458,38.891142,-86.849036,1618.76232,A9CA77,1625679858,38.47632,-86.66655,
1625683459,38.891142,-86.849036,1618.57944,A07DC8,1625679859,38.13997,-86.72464,
1625683459,38.891142,-86.849036,1618.57944,AB5ADE,1625679859,38.17619,-87.77772,
1625683459,38.891142,-86.849036,1618.57944,ABE23E,1625679859,39.18146,-86.32298,
1625683459,38.891142,-86.849036,1618.57944,A52C0C,1625679859,39.55125,-86.78058,
1625683457,38.891141,-86.849037,1618.54896,A7EE69,1625679857,39.50646,-87.33167,
1625683457,38.891141,-86.849037,1618.54896,A5AA28,1625679857,39.22527,-87.43977,
1625683459,38.891142,-86.849036,1618.57944,ABB5A2,1625679859,38.19232,-87.19405,
1625683459,38.891142,-86.849036,1618.57944,A081CA,1625679859,38.24881,-88.46974,
1625683454,38.891141,-86.849036,1618.67088,A9CCB0,1625679854,39.39262,-87.73897,
1625683463,38.891141,-86.849036,1618.82328,A4FD62,1625679863,38.43809,-86.38690,
1625683463,38.891141,-86.849036,1618.82328,AA4E1C,1625679863,39.16068,-87.58772,
1625683465,38.891141,-86.849036,1618.85376,AA28E5,1625679865,38.78705,-86.29910,
1625683465,38.891141,-86.849036,1618.85376,A9CA77,1625679865,38.47636,-86.65962,
1625683458,38.891142,-86.849036,1618.76232,A24637,1625679858,38.86029,-86.44634,
1625683466,38.891141,-86.849036,1618.82328,ABC455,1625679866,39.04646,-87.73831,
1625683466,38.891141,-86.849036,1618.82328,A75359,1625679866,39.55953,-87.38007,
1625683466,38.891141,-86.849036,1618.82328,A09322,1625679866,38.48158,-85.98754,
1625683468,38.891141,-86.849036,1618.70136,A3E9B2,1625679868,38.63505,-87.21240,
1625683467,38.891141,-86.849036,1618.7928,A2F584,1625679867,38.00632,-87.06761,
1625683468,38.891141,-86.849036,1618.70136,AA763F,1625679868,39.03195,-86.78232,
1625683467,38.891141,-86.849036,1618.7928,A05878,1625679867,38.62369,-86.48315,
1625683467,38.891141,-86.849036,1618.7928,AB19FB,1625679867,38.81055,-85.78235,
1625683467,38.891141,-86.849036,1618.7928,ABC69C,1625679867,39.30987,-87.19324,
1625683468,38.891141,-86.849036,1618.70136,A62F6E,1625679868,39.16780,-86.58929,
1625683468,38.891141,-86.849036,1618.70136,ACAA54,1625679868,38.57523,-85.81598,
1625683468,38.891141,-86.849036,1618.70136,A09322,1625679868,38.48300,-85.98294,
1625683468,38.891141,-86.849036,1618.70136,AA1F97,1625679868,38.19498,-86.80666,
1625683468,38.891141,-86.849036,1618.70136,ABC69C,1625679868,39.31119,-87.19514,
1625683469,38.891141,-86.849037,1618.70136,A07DC8,1625679869,38.13922,-86.69294,
1625683470,38.891141,-86.849037,1618.60992,A5AA28,1625679870,39.22040,-87.43573,
1625683470,38.891141,-86.849037,1618.60992,A9CA77,1625679870,38.47580,-86.65216,
1625683470,38.891141,-86.849037,1618.60992,A24637,1625679870,38.86180,-86.44127,
1625683470,38.891141,-86.849037,1618.60992,AAB18C,1625679870,38.33363,-88.25007,
1625683474,38.891141,-86.849036,1618.70136,A4FD62,1625679874,38.46625,-86.40985,
1625683473,38.891142,-86.849037,1618.67088,AA4E1C,1625679873,39.16841,-87.56014,
1625683473,38.891142,-86.849037,1618.67088,A62F6E,1625679873,39.17022,-86.58942,
1625683475,38.891141,-86.849036,1618.6404,AA28E5,1625679875,38.76718,-86.30352,
1625683474,38.891141,-86.849036,1618.70136,A5AA28,1625679874,39.22037,-87.43356,
1625683475,38.891141,-86.849036,1618.6404,AD14CD,1625679875,38.67979,-86.24396,
1625683475,38.891141,-86.849036,1618.6404,A24637,1625679875,38.86226,-86.43912,
1625683476,38.891141,-86.849036,1618.70136,AB5ADE,1625679876,38.18559,-87.72852,
1625683475,38.891141,-86.849036,1618.6404,ABB5A2,1625679875,38.19461,-87.15530,
1625683476,38.891141,-86.849036,1618.70136,ABC69C,1625679876,39.31792,-87.20511,
1625683476,38.891141,-86.849036,1618.70136,ABC455,1625679876,39.05197,-87.71417,
1625683475,38.891141,-86.849036,1618.6404,AB34D6,1625679875,39.09638,-86.16241,
1625683478,38.891141,-86.849036,1618.67088,A3E9B2,1625679878,38.65155,-87.22834,
1625683478,38.891141,-86.849036,1618.67088,AA763F,1625679878,39.01604,-86.79669,
1625683478,38.891141,-86.849036,1618.67088,AB19FB,1625679878,38.82033,-85.80157,
1625683479,38.891141,-86.849037,1618.67088,ACAA54,1625679879,38.56699,-85.82111,
1625683479,38.891141,-86.849037,1618.67088,AA1F97,1625679879,38.19580,-86.81683,
1625683479,38.891141,-86.849037,1618.67088,A9CA77,1625679879,38.47472,-86.64087,
1625683479,38.891141,-86.849037,1618.67088,A4281D,1625679879,38.29408,-88.04438,
1625683479,38.891141,-86.849037,1618.67088,ABC69C,1625679879,39.32419,-87.21425,
1625683479,38.891141,-86.849037,1618.67088,A62F6E,1625679879,39.17245,-86.58954,
1625683480,38.891141,-86.849037,1618.67088,A089B6,1625679880,39.67511,-86.33755,
1625683480,38.891141,-86.849037,1618.67088,A5AA28,1625679880,39.22156,-87.43073,
1625683480,38.891141,-86.849037,1618.67088,AB19FB,1625679880,38.82724,-85.81510,
1625683480,38.891141,-86.849037,1618.67088,ABC69C,1625679880,39.32680,-87.21807,
1625683482,38.891142,-86.849038,1618.67088,ACAA54,1625679882,38.56564,-85.82251,
1625683485,38.89114,-86.849037,1618.70136,A07DC8,1625679885,38.13969,-86.65353,
1625683485,38.89114,-86.849037,1618.70136,A9CA77,1625679885,38.47403,-86.63448,
1625683485,38.89114,-86.849037,1618.70136,AA4E1C,1625679885,39.17487,-87.53705,
1625683486,38.89114,-86.849037,1618.60992,A4E876,1625679886,38.87307,-86.71350,
1625683486,38.89114,-86.849037,1618.60992,AA28E5,1625679886,38.74641,-86.30817,
1625683485,38.89114,-86.849037,1618.70136,A5AA28,1625679885,39.22353,-87.42914,
1625683482,38.891142,-86.849038,1618.67088,A24637,1625679882,38.86293,-86.43591,
1625683485,38.89114,-86.849037,1618.70136,A62F6E,1625679885,39.17436,-86.58976,
1625683485,38.89114,-86.849037,1618.70136,ABB5A2,1625679885,38.19566,-87.13678,
1625683487,38.891141,-86.849036,1618.67088,A89B9B,1625679887,38.96939,-86.53424,
1625683485,38.89114,-86.849037,1618.70136,A04641,1625679885,37.91112,-88.00491,
1625683487,38.891141,-86.849036,1618.67088,ABC455,1625679887,39.05696,-87.69238,
1625683488,38.891141,-86.849036,1618.82328,AAE1F8,1625679888,38.58715,-86.21802,
1625683489,38.891141,-86.849036,1618.91472,A3E9B2,1625679889,38.66931,-87.24554,
1625683489,38.891141,-86.849036,1618.91472,AA763F,1625679889,38.99977,-86.81140,
1625683489,38.891141,-86.849036,1618.91472,A05878,1625679889,38.63952,-86.49487,
1625683490,38.891141,-86.849036,1618.9452,ABE23E,1625679890,39.17500,-86.40783,
1625683490,38.891141,-86.849036,1618.9452,AA1F97,1625679890,38.19881,-86.84048,
1625683490,38.891141,-86.849036,1618.9452,A9CA77,1625679890,38.47339,-86.62791,
1625683488,38.891141,-86.849036,1618.82328,A52C0C,1625679888,39.56671,-86.72363,
1625683490,38.891141,-86.849036,1618.9452,A5AA28,1625679890,39.22609,-87.42860,
1625683489,38.891141,-86.849036,1618.91472,AB19FB,1625679889,38.83034,-85.82111,
1625683490,38.891141,-86.849036,1618.9452,ABC69C,1625679890,39.33984,-87.23724,
1625683490,38.891141,-86.849036,1618.9452,A62F6E,1625679890,39.17697,-86.59095,
1625683492,38.891141,-86.849036,1618.88424,AB0B1F,1625679892,39.66698,-86.23682,
1625683495,38.891141,-86.849037,1619.03664,AA763F,1625679895,38.99144,-86.81892,
1625683495,38.891141,-86.849037,1619.03664,AA28E5,1625679895,38.72617,-86.31265,
1625683495,38.891141,-86.849037,1619.03664,AD14CD,1625679895,38.70538,-86.23593,
1625683495,38.891141,-86.849037,1619.03664,A3E9B2,1625679895,38.67892,-87.25485,
1625683495,38.891141,-86.849037,1619.03664,AAE1F8,1625679895,38.57933,-86.21149,
1625683496,38.891141,-86.849037,1619.06712,AA763F,1625679896,38.98997,-86.82023,
1625683496,38.891141,-86.849037,1619.06712,AA28E5,1625679896,38.72617,-86.31265,
1625683495,38.891141,-86.849037,1619.03664,A89B9B,1625679895,38.98206,-86.55441,
1625683497,38.891141,-86.849037,1619.00616,ABC455,1625679897,39.06263,-87.66730,
1625683496,38.891141,-86.849037,1619.06712,AAE1F8,1625679896,38.57826,-86.21057,
1625683497,38.891141,-86.849037,1619.00616,ABB5A2,1625679897,38.19741,-87.10671,
1625683497,38.891141,-86.849037,1619.00616,AA4E1C,1625679897,39.18457,-87.50246,
1625683497,38.891141,-86.849037,1619.00616,A4E876,1625679897,38.87292,-86.68165,
1625683497,38.891141,-86.849037,1619.00616,A3E9B2,1625679897,38.68240,-87.25824,
1625683497,38.891141,-86.849037,1619.00616,A5AA28,1625679897,39.22874,-87.42878,
1625683499,38.891141,-86.849037,1619.00616,AA763F,1625679899,38.98750,-86.82244,
1625683498,38.891141,-86.849037,1619.00616,ABE23E,1625679898,39.17371,-86.42529,
1625683499,38.891141,-86.849037,1619.00616,A05878,1625679899,38.64734,-86.49966,
1625683502,38.891141,-86.849036,1618.85376,AA4E1C,1625679902,39.18837,-87.48885,
1625683502,38.891141,-86.849036,1618.85376,A3E9B2,1625679902,38.69026,-87.26587,
1625683502,38.891141,-86.849036,1618.85376,A9CA77,1625679902,38.47235,-86.61682,
1625683501,38.891142,-86.849036,1618.88424,AB0B1F,1625679901,39.67081,-86.22279,
1625683503,38.891142,-86.849036,1618.67088,ABB5A2,1625679903,38.19821,-87.09310,
1625683504,38.891141,-86.849036,1618.60992,A07DC8,1625679904,38.14165,-86.59281,
1625683503,38.891142,-86.849036,1618.67088,A11A38,1625679903,39.53416,-87.30682,
1625683505,38.891141,-86.849037,1618.60992,A24637,1625679905,38.86367,-86.42621,
1625683506,38.891141,-86.849036,1618.488,A75359,1625679906,39.60678,-87.46802,
1625683506,38.891141,-86.849036,1618.488,AA4E1C,1625679906,39.19140,-87.47809,
1625683505,38.891141,-86.849037,1618.60992,A5AA28,1625679905,39.23163,-87.42884,
1625683506,38.891141,-86.849036,1618.488,A07DC8,1625679906,38.14202,-86.58158,
1625683506,38.891141,-86.849036,1618.488,ABC69C,1625679906,39.35987,-87.26678,
1625683506,38.891141,-86.849036,1618.488,AA1F97,1625679906,38.21558,-86.90121,
1625683507,38.891141,-86.849037,1618.6404,A2F584,1625679907,38.03741,-86.97040,
1625683507,38.891141,-86.849037,1618.6404,AA28E5,1625679907,38.70456,-86.31743,
1625683507,38.891141,-86.849037,1618.6404,A09322,1625679907,38.50601,-85.90759,
1625683507,38.891141,-86.849037,1618.6404,ABE23E,1625679907,39.17175,-86.45074,
1625683507,38.891141,-86.849037,1618.6404,ABC455,1625679907,39.06761,-87.64522,
1625683507,38.891141,-86.849037,1618.6404,A9CA77,1625679907,38.47203,-86.61078,
1625683508,38.891141,-86.849036,1618.6404,AB0B1F,1625679908,39.67335,-86.21631,
1625683508,38.891141,-86.849036,1618.6404,AB5ADE,1625679908,38.19786,-87.63426,
1625683508,38.891141,-86.849036,1618.6404,A4E876,1625679908,38.87183,-86.65120,
1625683508,38.891141,-86.849036,1618.6404,ABC69C,1625679908,39.36299,-87.27136,
1625683509,38.891141,-86.849037,1618.6404,A24637,1625679909,38.86340,-86.42419,
1625683509,38.891141,-86.849037,1618.6404,AA763F,1625679909,38.97089,-86.83743,
1625683509,38.891141,-86.849037,1618.6404,A9CA77,1625679909,38.47193,-86.60730,
1625683511,38.891141,-86.849036,1618.57944,A89B9B,1625679911,39.00110,-86.58498,
1625683513,38.891143,-86.849034,1618.76232,A3E9B2,1625679913,38.70689,-87.28202,
1625683512,38.891142,-86.849035,1618.76232,ABC455,1625679912,39.07194,-87.62622,
1625683514,38.89114,-86.849037,1618.82328,A24637,1625679914,38.86320,-86.42218,
1625683514,38.89114,-86.849037,1618.82328,AB34D6,1625679914,39.08684,-86.22232,
1625683513,38.891143,-86.849034,1618.76232,AB19FB,1625679913,38.86317,-85.88568,
1625683514,38.89114,-86.849037,1618.82328,ABC455,1625679914,39.07274,-87.62256,
1625683514,38.89114,-86.849037,1618.82328,ABB5A2,1625679914,38.19965,-87.06805,
1625683514,38.89114,-86.849037,1618.82328,AB34D6,1625679914,39.08684,-86.22232,
1625683516,38.89114,-86.849037,1618.60992,A52C0C,1625679916,39.58694,-86.64875,
1625683516,38.89114,-86.849037,1618.60992,AB5ADE,1625679916,38.20047,-87.61287,
1625683516,38.89114,-86.849037,1618.60992,A2F584,1625679916,38.04556,-86.94514,
1625683516,38.89114,-86.849037,1618.60992,A75359,1625679916,39.61903,-87.49094,
1625683517,38.891141,-86.849037,1618.57944,AA4E1C,1625679917,39.19880,-87.45160,
1625683517,38.891141,-86.849037,1618.57944,AA28E5,1625679917,38.68433,-86.32197,
1625683518,38.891141,-86.849037,1617.60408,A3E9B2,1625679918,38.71354,-87.28851,
1625683516,38.89114,-86.849037,1618.60992,ADFE9A,1625679916,37.93822,-87.54900,
1625683518,38.891141,-86.849037,1617.60408,A09322,1625679918,38.50951,-85.89619,
1625683518,38.891141,-86.849037,1617.60408,A4E876,1625679918,38.86912,-86.62402,
1625683518,38.891141,-86.849037,1617.60408,ABC69C,1625679918,39.37573,-87.29008,
1625683518,38.891141,-86.849037,1617.60408,A3E9B2,1625679918,38.71610,-87.29102,
1625683519,38.891141,-86.849037,1616.08008,AB0B1F,1625679919,39.68248,-86.20046,
1625683519,38.891141,-86.849037,1616.08008,AA763F,1625679919,38.95659,-86.85034,
1625683519,38.891141,-86.849037,1616.08008,A9CA77,1625679919,38.47169,-86.59687,
1625683521,38.891142,-86.849038,1615.83624,AB3C15,1625679921,39.80745,-86.49029,
1625683521,38.891142,-86.849038,1615.83624,A24637,1625679921,38.86299,-86.41929,
1625683521,38.891142,-86.849038,1615.83624,A05878,1625679921,38.66634,-86.50928,
1625683521,38.891142,-86.849038,1615.83624,A07DC8,1625679921,38.14351,-86.54378,
1625683521,38.891142,-86.849038,1615.83624,A4281D,1625679921,38.33446,-88.15903,
1625683523,38.891141,-86.849038,1615.77528,A09322,1625679923,38.51907,-85.86502,
1625683524,38.891141,-86.849038,1615.77528,AB19FB,1625679924,38.87303,-85.90515,
1625683523,38.891141,-86.849038,1615.77528,A11A38,1625679923,39.50074,-87.26422,
1625683525,38.891141,-86.849037,1615.62288,ABC455,1625679925,39.07869,-87.59644,
1625683525,38.891141,-86.849037,1615.62288,ABB5A2,1625679925,38.20105,-87.04324,
1625683525,38.891141,-86.849037,1615.62288,AD14CD,1625679925,38.74301,-86.22308,
1625683527,38.891141,-86.849037,1615.56192,A24637,1625679927,38.86272,-86.41738,
1625683527,38.891141,-86.849037,1615.56192,AAE1F8,1625679927,38.54511,-86.18292,
1625683528,38.891141,-86.849038,1615.44,AA4E1C,1625679928,39.20616,-87.42529,
1625683528,38.891141,-86.849038,1615.44,AA28E5,1625679928,38.66377,-86.32651,
1625683528,38.891141,-86.849038,1615.44,A9CA77,1625679928,38.47160,-86.58809,
1625683529,38.891142,-86.849038,1615.50096,A4FD62,1625679929,38.56969,-86.49078,
1625683528,38.891141,-86.849038,1615.44,A4E876,1625679928,38.86501,-86.59651,
1625683528,38.891141,-86.849038,1615.44,ABC69C,1625679928,39.38649,-87.30596,
1625683529,38.891142,-86.849038,1615.50096,A3E9B2,1625679929,38.73404,-87.30686,
1625683530,38.891141,-86.849038,1615.5924,A52C0C,1625679930,39.59496,-86.61908,
1625683530,38.891141,-86.849038,1615.5924,AA763F,1625679930,38.94127,-86.86420,
1625683530,38.891141,-86.849038,1615.5924,A05878,1625679930,38.67508,-86.51363,
1625683532,38.891141,-86.849037,1615.53144,A24637,1625679932,38.86209,-86.41425,
1625683529,38.891142,-86.849038,1615.50096,A09322,1625679929,38.52249,-85.85370,
1625683535,38.891141,-86.849036,1615.65336,AB19FB,1625679935,38.88387,-85.92646,
1625683535,38.891141,-86.849036,1615.65336,ABC455,1625679935,39.08372,-87.57435,
1625683536,38.891141,-86.849037,1615.71432,A52C0C,1625679936,39.59868,-86.60522,
1625683535,38.891141,-86.849036,1615.65336,ABB5A2,1625679935,38.20193,-87.02756,
1625683536,38.891141,-86.849037,1615.71432,A49FD2,1625679936,39.54757,-86.65723,
1625683537,38.891141,-86.849037,1615.71432,AB5ADE,1625679937,38.20276,-87.59446,
1625683537,38.891141,-86.849037,1615.71432,AA4E1C,1625679937,39.21277,-87.40161,
1625683537,38.891141,-86.849037,1615.71432,A9CA77,1625679937,38.47165,-86.57901,
1625683537,38.891141,-86.849037,1615.71432,A4281D,1625679937,38.34869,-88.19964,
1625683538,38.891141,-86.849036,1615.7448,AA1F97,1625679938,38.24504,-86.95512,
1625683538,38.891141,-86.849036,1615.7448,A07DC8,1625679938,38.14577,-86.48917,
1625683538,38.891141,-86.849036,1615.7448,AA28E5,1625679938,38.64371,-86.33099,
1625683538,38.891141,-86.849036,1615.7448,ABE23E,1625679938,39.16547,-86.53290,
1625683538,38.891141,-86.849036,1615.7448,ABC69C,1625679938,39.40060,-87.32684,
1625683538,38.891141,-86.849036,1615.7448,A3E9B2,1625679938,38.75050,-87.31744,
1625683540,38.891141,-86.849037,1615.8972,AA763F,1625679940,38.92582,-86.87805,
1625683541,38.891141,-86.849036,1615.68384,A89B9B,1625679941,39.04010,-86.64740,
1625683542,38.891141,-86.849036,1615.62288,ABD559,1625679942,39.08670,-88.08587,
1625683541,38.891141,-86.849036,1615.68384,A05878,1625679941,38.68463,-86.51801,
1625683541,38.891141,-86.849036,1615.68384,A5AA28,1625679941,39.24666,-87.42834,
1625683542,38.891141,-86.849036,1615.62288,A9CA77,1625679942,38.47202,-86.57400,
1625683542,38.891141,-86.849036,1615.62288,A24637,1625679942,38.86134,-86.41046,
1625683544,38.891141,-86.849036,1615.68384,A41E67,1625679944,38.34033,-87.53178,
1625683545,38.891141,-86.849036,1615.68384,A081CA,1625679945,38.27572,-88.23329,
1625683544,38.891141,-86.849036,1615.68384,ACBD69,1625679944,39.57143,-86.13693,
1625683544,38.891141,-86.849036,1615.68384,ADFE9A,1625679944,37.93794,-87.55560,
1625683545,38.891141,-86.849036,1615.68384,AB34D6,1625679945,39.07981,-86.26624,
1625683544,38.891141,-86.849036,1615.68384,AB19FB,1625679944,38.89384,-85.94599,
1625683545,38.891141,-86.849036,1615.68384,ABC455,1625679945,39.09001,-87.54657,
1625683545,38.891141,-86.849036,1615.68384,ABB5A2,1625679945,38.20271,-87.01417,
1625683547,38.891142,-86.849037,1615.56192,A2F584,1625679947,38.06914,-86.87281,
1625683545,38.891141,-86.849036,1615.68384,A75359,1625679945,39.65306,-87.55463,
1625683547,38.891142,-86.849037,1615.56192,AA4E1C,1625679947,39.21952,-87.37732,
1625683547,38.891142,-86.849037,1615.56192,AA1F97,1625679947,38.25984,-86.97327,
1625683549,38.891142,-86.849037,1615.65336,AA28E5,1625679949,38.62248,-86.33570,
1625683541,38.891141,-86.849036,1615.68384,A09322,1625679941,38.53064,-85.82703,
1625683548,38.891142,-86.849037,1615.68384,ABC69C,1625679948,39.41473,-87.34764,
1625683549,38.891142,-86.849037,1615.65336,ABE23E,1625679949,39.16342,-86.55945,
1625683550,38.891142,-86.849036,1615.71432,A46D70,1625679950,39.79454,-86.56140,
1625683550,38.891142,-86.849036,1615.71432,A3E9B2,1625679950,38.77224,-87.32648,
1625683550,38.891142,-86.849036,1615.71432,A9CA77,1625679950,38.47449,-86.56732,
1625683550,38.891142,-86.849036,1615.71432,A41E67,1625679950,38.33996,-87.52790,
1625683551,38.891141,-86.849036,1615.5924,AA763F,1625679951,38.90868,-86.89350,
1625683552,38.891141,-86.849036,1615.47048,A05878,1625679952,38.69375,-86.52399,
1625683549,38.891142,-86.849037,1615.65336,A24637,1625679949,38.86084,-86.40825,
1625683553,38.891141,-86.849036,1615.44,AD14CD,1625679953,38.77531,-86.21277,
1625683555,38.891141,-86.849037,1615.44,ACBD69,1625679955,39.57042,-86.14828,
1625683555,38.891141,-86.849037,1615.44,A11A38,1625679955,39.45204,-87.20368,
1625683555,38.891141,-86.849037,1615.44,A3D150,1625679955,40.33832,-86.91315,
1625683556,38.891141,-86.849037,1615.56192,AB19FB,1625679956,38.90286,-85.96384,
1625683556,38.891141,-86.849037,1615.56192,ABC455,1625679956,39.09627,-87.51882,
1625683555,38.891141,-86.849037,1615.44,A9CA77,1625679955,38.47728,-86.56409,
1625683556,38.891141,-86.849037,1615.56192,A41E67,1625679956,38.33926,-87.52562,
1625683556,38.891141,-86.849037,1615.56192,A62F6E,1625679956,39.17381,-86.61866,
1625683556,38.891141,-86.849037,1615.56192,AB3C15,1625679956,39.77829,-86.44324,
1625683556,38.891141,-86.849037,1615.56192,ABB5A2,1625679956,38.20510,-86.97195,
1625683557,38.891142,-86.849037,1615.5924,AAE1F8,1625679957,38.51201,-86.15527,
1625683558,38.891142,-86.849037,1615.56192,AA4E1C,1625679958,39.22710,-87.35026,
1625683556,38.891141,-86.849037,1615.56192,A5AA28,1625679956,39.25241,-87.42783,
1625683556,38.891141,-86.849037,1615.56192,AA1F97,1625679956,38.27820,-86.99115,
1625683559,38.891142,-86.849036,1615.62288,A24637,1625679959,38.85960,-86.40371,
1625683558,38.891142,-86.849037,1615.56192,A4FD62,1625679958,38.62665,-86.53566,
1625683559,38.891142,-86.849036,1615.62288,AA28E5,1625679959,38.60484,-86.33966,
1625683559,38.891142,-86.849036,1615.62288,A4E876,1625679959,38.85147,-86.51562,
1625683558,38.891142,-86.849037,1615.56192,ABC69C,1625679958,39.42272,-87.35938,
1625683560,38.891142,-86.849037,1615.5924,A3E9B2,1625679960,38.79179,-87.33179,
1625683561,38.891141,-86.849037,1615.65336,A52C0C,1625679961,39.61265,-86.55328,
1625683561,38.891141,-86.849037,1615.65336,A2F584,1625679961,38.07670,-86.84937,
1625683561,38.891141,-86.849037,1615.65336,AA763F,1625679961,38.89356,-86.90704,
1625683561,38.891141,-86.849037,1615.65336,A9CA77,1625679961,38.48120,-86.56177,
1625683562,38.891141,-86.849037,1615.71432,A41E67,1625679962,38.33712,-87.52211,
1625683560,38.891142,-86.849037,1615.5924,A62F6E,1625679960,39.17296,-86.61969,
1625683564,38.891141,-86.849037,1615.71432,AA4E1C,1625679964,39.23103,-87.33611,
1625683565,38.891141,-86.849037,1615.7448,A89B9B,1625679965,39.07109,-86.69658,
1625683566,38.891141,-86.849037,1615.71432,AA28E5,1625679966,38.58957,-86.34305,
1625683566,38.891141,-86.849037,1615.71432,A89B9B,1625679966,39.07236,-86.69867,
1625683566,38.891141,-86.849037,1615.71432,A4E876,1625679966,38.84835,-86.49683,
1625683565,38.891141,-86.849037,1615.7448,AAE1F8,1625679965,38.50346,-86.14816,
1625683566,38.891141,-86.849037,1615.71432,A05878,1625679966,38.70409,-86.53180,
1625683567,38.891141,-86.849037,1615.71432,A4FD62,1625679967,38.64212,-86.54784,
1625683567,38.891141,-86.849037,1615.71432,A9CA77,1625679967,38.48469,-86.56067,
1625683567,38.891141,-86.849037,1615.71432,ABE23E,1625679967,39.15979,-86.60760,
1625683567,38.891141,-86.849037,1615.71432,A3E9B2,1625679967,38.80581,-87.33521,
1625683567,38.891141,-86.849037,1615.71432,AA28E5,1625679967,38.58705,-86.34358,
1625683567,38.891141,-86.849037,1615.71432,AAE1F8,1625679967,38.50117,-86.14624,
1625683568,38.891141,-86.849037,1615.71432,A9CA77,1625679968,38.48657,-86.56020,
1625683568,38.891141,-86.849037,1615.71432,ABE23E,1625679968,39.15942,-86.61298,
1625683568,38.891141,-86.849037,1615.71432,A07DC8,1625679968,38.14984,-86.39637,
1625683568,38.891141,-86.849037,1615.71432,A62F6E,1625679968,39.17045,-86.62054,
1625683568,38.891141,-86.849037,1615.71432,A3E9B2,1625679968,38.80865,-87.33588,
1625683568,38.891141,-86.849037,1615.71432,AD14CD,1625679968,38.79785,-86.20631,
1625683568,38.891141,-86.849037,1615.71432,AA763F,1625679968,38.88285,-86.91669,
1625683568,38.891141,-86.849037,1615.71432,A4E876,1625679968,38.84696,-86.48846,
1625683569,38.891141,-86.849037,1615.62288,A4FD62,1625679969,38.64798,-86.55238,
1625683569,38.891141,-86.849037,1615.62288,ABC455,1625679969,39.10391,-87.48473,
1625683569,38.891141,-86.849037,1615.62288,ABC455,1625679969,39.10419,-87.48371,
1625683571,38.891141,-86.849037,1615.65336,AB34D6,1625679971,39.07390,-86.30353,
1625683572,38.891141,-86.849037,1615.62288,A5AA28,1625679972,39.25937,-87.42777,
1625683572,38.891141,-86.849037,1615.62288,A41E67,1625679972,38.33325,-87.51930,
1625683573,38.891141,-86.849037,1615.65336,ABC69C,1625679973,39.44655,-87.39463,
1625683573,38.891141,-86.849037,1615.65336,A11A38,1625679973,39.42849,-87.17474,
1625683573,38.891141,-86.849037,1615.65336,A24637,1625679973,38.85794,-86.39783,
1625683575,38.891141,-86.849037,1615.53144,AB5ADE,1625679975,38.21953,-87.45810,
1625683575,38.891141,-86.849037,1615.53144,A9CA77,1625679975,38.49142,-86.55919,
1625683575,38.891141,-86.849037,1615.53144,A62F6E,1625679975,39.16975,-86.62036,
1625683576,38.891141,-86.849037,1615.56192,AA4E1C,1625679976,39.23846,-87.30927,
1625683575,38.891141,-86.849037,1615.53144,A05878,1625679975,38.70828,-86.53308,
1625683577,38.891141,-86.849037,1615.62288,A9CA77,1625679977,38.49284,-86.55895,
1625683578,38.891141,-86.849037,1615.65336,AA28E5,1625679978,38.56695,-86.34808,
1625683577,38.891141,-86.849037,1615.62288,AB34D6,1625679977,39.07260,-86.31171,
1625683578,38.891141,-86.849037,1615.65336,A24637,1625679978,38.85780,-86.39722,
1625683579,38.891141,-86.849037,1615.62288,A3E9B2,1625679979,38.82889,-87.34077,
1625683579,38.891141,-86.849037,1615.62288,AD14CD,1625679979,38.81163,-86.20267,
1625683579,38.891141,-86.849037,1615.62288,AA763F,1625679979,38.86660,-86.93134,
1625683581,38.891142,-86.849036,1615.53144,AB5ADE,1625679981,38.22176,-87.43995,
1625683581,38.891142,-86.849036,1615.53144,A5AA28,1625679981,39.26290,-87.42786,
1625683581,38.891142,-86.849036,1615.53144,A07DC8,1625679981,38.15161,-86.35947,
1625683581,38.891142,-86.849036,1615.53144,ABC455,1625679981,39.11030,-87.45630,
1625683582,38.891142,-86.849037,1615.62288,A49FD2,1625679982,39.52840,-86.77545,
1625683582,38.891142,-86.849037,1615.62288,A62F6E,1625679982,39.16539,-86.61949,
1625683582,38.891142,-86.849037,1615.62288,A2ED83,1625679982,38.34578,-85.73736,
1625683584,38.891142,-86.849036,1615.53144,AA1F97,1625679984,38.32678,-87.02462,
1625683584,38.891142,-86.849036,1615.53144,A11A38,1625679984,39.40814,-87.14935,
1625683582,38.891142,-86.849037,1615.62288,AB19FB,1625679982,38.93912,-86.03567,
1625683584,38.891142,-86.849036,1615.53144,A9CA77,1625679984,38.49719,-86.55907,
1625683584,38.891142,-86.849036,1615.53144,A24637,1625679984,38.85695,-86.39386,
1625683586,38.891142,-86.849037,1615.68384,AB5ADE,1625679986,38.22302,-87.42998,
1625683586,38.891142,-86.849037,1615.68384,A52C0C,1625679986,39.62829,-86.49493,
1625683586,38.891142,-86.849037,1615.68384,AA4E1C,1625679986,39.24532,-87.28465,
1625683589,38.891141,-86.849036,1615.50096,ABB5A2,1625679989,38.20915,-86.90102,
1625683589,38.891141,-86.849036,1615.50096,A75359,1625679989,39.70454,-87.65096,
1625683589,38.891141,-86.849036,1615.50096,AB5ADE,1625679989,38.22395,-87.42239,
1625683589,38.891141,-86.849036,1615.50096,A9CA77,1625679989,38.50049,-86.56038,
1625683589,38.891141,-86.849036,1615.50096,A49FD2,1625679989,39.52648,-86.78693,
1625683580,38.891141,-86.849037,1615.53144,A41E67,1625679980,38.32979,-87.51791,
1625683589,38.891141,-86.849036,1615.50096,AA28E5,1625679989,38.54375,-86.35320,
1625683589,38.891141,-86.849036,1615.50096,A2F584,1625679989,38.10548,-86.76102,
1625683589,38.891141,-86.849036,1615.50096,A081CA,1625679989,38.28955,-88.10918,
1625683589,38.891141,-86.849036,1615.50096,ACBD69,1625679989,39.56614,-86.19690,
1625683589,38.891141,-86.849036,1615.50096,A52C0C,1625679989,39.63002,-86.48855,
1625683590,38.891141,-86.849037,1615.47048,A3E9B2,1625679990,38.85109,-87.34603,
1625683589,38.891141,-86.849036,1615.50096,AA763F,1625679989,38.85003,-86.94623,
1625683590,38.891141,-86.849037,1615.47048,A5AA28,1625679990,39.26646,-87.42801,
1625683590,38.891141,-86.849037,1615.47048,A24637,1625679990,38.85599,-86.39117,
1625683588,38.891141,-86.849036,1615.47048,ADFE9A,1625679988,37.93342,-87.65251,
1625683591,38.891141,-86.849037,1615.47048,ABC455,1625679991,39.11568,-87.43242,
1625683593,38.891141,-86.849037,1615.62288,A8B533,1625679993,39.47779,-86.31354,
1625683593,38.891141,-86.849037,1615.62288,ABB5A2,1625679993,38.20966,-86.89218,
1625683593,38.891141,-86.849037,1615.62288,AA1F97,1625679993,38.35812,-87.04497,
1625683593,38.891141,-86.849037,1615.62288,A4FD62,1625679993,38.69284,-86.58749,
1625683594,38.891141,-86.849037,1615.68384,A9CA77,1625679994,38.50346,-86.56253,
1625683595,38.891141,-86.849037,1615.5924,ABB5A2,1625679995,38.20994,-86.88687,
1625683594,38.891141,-86.849037,1615.68384,ABC69C,1625679994,39.47039,-87.42987,
1625683595,38.891141,-86.849037,1615.5924,A2F584,1625679995,38.10962,-86.74817,
1625683596,38.891141,-86.849037,1615.56192,ABB72E,1625679996,39.56721,-86.71716,
1625683595,38.891141,-86.849037,1615.5924,A5AA28,1625679995,39.26937,-87.42798,
1625683595,38.891141,-86.849037,1615.5924,ACBD69,1625679995,39.56558,-86.20575,
1625683596,38.891141,-86.849037,1615.56192,A89B9B,1625679996,39.11179,-86.76196,
1625683597,38.891142,-86.849037,1615.5924,ABD559,1625679997,39.08991,-87.95959,
1625683597,38.891142,-86.849037,1615.5924,AAE1F8,1625679997,38.46793,-86.11853,
1625683596,38.891141,-86.849037,1615.56192,A05878,1625679996,38.73346,-86.53503,
1625683597,38.891142,-86.849037,1615.5924,AA4E1C,1625679997,39.25233,-87.25940,
1625683599,38.891142,-86.849037,1615.37904,AAE9AF,1625679999,38.23741,-87.39145,
1625683599,38.891142,-86.849037,1615.37904,AB3C15,1625679999,39.70418,-86.32286,
1625683599,38.891142,-86.849037,1615.37904,ABE23E,1625679999,39.15298,-86.69461,
1625683598,38.891142,-86.849037,1615.62288,A4E876,1625679998,38.83378,-86.41016,
1625683599,38.891142,-86.849037,1615.37904,A9CA77,1625679999,38.50620,-86.56500,
1625683599,38.891142,-86.849037,1615.37904,AA28E5,1625679999,38.52421,-86.35754,
1625683601,38.891141,-86.849037,1615.04376,A081CA,1625680001,38.29299,-88.07877,
1625683601,38.891141,-86.849037,1615.04376,AB19FB,1625680001,38.95878,-86.07440,
1625683601,38.891141,-86.849037,1615.04376,A52C0C,1625680001,39.63611,-86.46593,
1625683601,38.891141,-86.849037,1615.04376,A3E9B2,1625680001,38.87114,-87.35068,
1625683601,38.891141,-86.849037,1615.04376,AA763F,1625680001,38.83447,-86.96019,
1625683601,38.891141,-86.849037,1615.04376,A2F584,1625680001,38.11359,-86.73595,
1625683601,38.891141,-86.849037,1615.04376,ABD559,1625680001,39.09001,-87.95581,
1625683601,38.891141,-86.849037,1615.04376,ACBD69,1625680001,39.56516,-86.21336,
1625683600,38.891142,-86.849037,1615.16568,A24637,1625680000,38.85521,-86.38795,
1625683603,38.891142,-86.849037,1614.5256,ABC455,1625680003,39.12269,-87.40118,
1625683598,38.891142,-86.849037,1615.62288,A8B533,1625679998,39.47681,-86.30991,
1625683604,38.891141,-86.849038,1614.28176,A5AA28,1625680004,39.27342,-87.42804,
1625683604,38.891141,-86.849038,1614.28176,A9CA77,1625680004,38.50810,-86.56677,
1625683606,38.891142,-86.849038,1613.97696,ABB5A2,1625680006,38.21115,-86.86466,
1625683606,38.891142,-86.849038,1613.97696,A4FD62,1625680006,38.71513,-86.60564,
1625683605,38.891141,-86.849038,1614.0684,ABC69C,1625680005,39.47895,-87.44250,
1625683605,38.891141,-86.849038,1614.0684,ADFE9A,1625680005,37.93230,-87.67591,
1625683607,38.891142,-86.849038,1614.03792,AA1F97,1625680007,38.38288,-87.06480,
1625683607,38.891142,-86.849038,1614.03792,A2F584,1625680007,38.11944,-86.71783,
1625683608,38.891141,-86.849038,1613.88552,AAE9AF,1625680008,38.24364,-87.38937,
1625683608,38.891141,-86.849038,1613.88552,AA4E1C,1625680008,39.25882,-87.23610,
1625683609,38.891141,-86.849038,1613.97696,AB34D6,1625680009,39.06564,-86.35523,
1625683610,38.891141,-86.849038,1614.0684,A5AA28,1625680010,39.27612,-87.42812,
1625683610,38.891141,-86.849038,1614.0684,ACBD69,1625680010,39.56437,-86.22662,
1625683610,38.891141,-86.849038,1614.0684,A24637,1625680010,38.85445,-86.38385,
1625683610,38.891141,-86.849038,1614.0684,A9CA77,1625680010,38.51192,-86.57056,
1625683610,38.891141,-86.849038,1614.0684,AD14CD,1625680010,38.85159,-86.19336,
1625683610,38.891141,-86.849038,1614.0684,AA28E5,1625680010,38.50266,-86.36230,
1625683610,38.891141,-86.849038,1614.0684,A4E876,1625680010,38.82829,-86.37750,
1625683611,38.891141,-86.849037,1614.03792,AB19FB,1625680011,38.97070,-86.09806,
1625683611,38.891141,-86.849037,1614.03792,A52C0C,1625680011,39.64258,-86.44165,
1625683611,38.891141,-86.849037,1614.03792,A07DC8,1625680011,38.15588,-86.27271,
1625683612,38.891141,-86.849037,1614.19032,A3E9B2,1625680012,38.89132,-87.35547,
1625683611,38.891141,-86.849037,1614.03792,AA763F,1625680011,38.81749,-86.97546,
1625683610,38.891141,-86.849038,1614.0684,A05878,1625680010,38.74622,-86.53674,
1625683612,38.891141,-86.849037,1614.19032,A9CA77,1625680012,38.51253,-86.57123,
1625683613,38.891141,-86.849037,1614.09888,A11A38,1625680013,39.36071,-87.09058,
1625683613,38.891141,-86.849037,1614.09888,ABC455,1625680013,39.12840,-87.37570,
1625683615,38.891141,-86.849037,1614.25128,A5AA28,1625680015,39.27750,-87.42818,
1625683615,38.891141,-86.849037,1614.25128,A4E876,1625680015,38.82610,-86.36430,
1625683616,38.891141,-86.849037,1614.28176,ABB5A2,1625680016,38.21180,-86.85260,
1625683617,38.891141,-86.849038,1614.31224,A4FD62,1625680017,38.73644,-86.62451,
1625683611,38.891141,-86.849037,1614.03792,AAE9AF,1625680011,38.24556,-87.38870,
1625683617,38.891141,-86.849038,1614.31224,AA1F97,1625680017,38.40125,-87.08488,
1625683617,38.891141,-86.849038,1614.31224,AB3C15,1625680017,39.69621,-86.30988,
1625683618,38.891141,-86.849037,1614.31224,AA4E1C,1625680018,39.26537,-87.21252,
1625683619,38.891141,-86.849038,1614.31224,A75359,1625680019,39.72437,-87.68815,
1625683619,38.891141,-86.849038,1614.31224,AB5ADE,1625680019,38.23182,-87.35994,
1625683619,38.891141,-86.849038,1614.31224,A49FD2,1625680019,39.51311,-86.86872,
1625683620,38.891142,-86.849037,1614.2208,A081CA,1625680020,38.29606,-88.05076,
1625683620,38.891142,-86.849037,1614.2208,AA28E5,1625680020,38.48245,-86.36681,
1625683621,38.891142,-86.849037,1614.34272,A52C0C,1625680021,39.64925,-86.41684,
1625683621,38.891142,-86.849037,1614.34272,A3E9B2,1625680021,38.90794,-87.35946,
1625683621,38.891142,-86.849037,1614.34272,AA763F,1625680021,38.80211,-86.98927,
1625683623,38.891142,-86.849036,1614.12936,A9CA77,1625680023,38.51583,-86.57825,
1625683624,38.891141,-86.849036,1614.12936,ABC455,1625680024,39.13456,-87.34808,
1625683624,38.891141,-86.849036,1614.12936,ABC69C,1625680024,39.51028,-87.48895,
1625683616,38.891141,-86.849037,1614.28176,A5AA28,1625680016,39.27896,-87.42828,
1625683625,38.891141,-86.849036,1613.94648,A4E876,1625680025,38.82211,-86.33666,
1625683627,38.891141,-86.849036,1614.15984,A89B9B,1625680027,39.15215,-86.82593,
1625683627,38.891141,-86.849036,1614.15984,ABB5A2,1625680027,38.21375,-86.81794,
1625683627,38.891141,-86.849036,1614.15984,A24637,1625680027,38.85379,-86.37726,
1625683627,38.891141,-86.849036,1614.15984,AAE1F8,1625680027,38.43530,-86.09132,
1625683628,38.891141,-86.849036,1614.09888,AA1F97,1625680028,38.41467,-87.10394,
1625683629,38.891141,-86.849037,1614.19032,ABE23E,1625680029,39.14694,-86.77106,
1625683629,38.891141,-86.849037,1614.19032,A3E9B2,1625680029,38.92268,-87.36298,
1625683628,38.891141,-86.849036,1614.09888,AA4E1C,1625680028,39.27150,-87.19037,
1625683630,38.891141,-86.849037,1614.09888,ACBD69,1625680030,39.56288,-86.25616,
1625683631,38.89114,-86.849037,1614.03792,A4FD62,1625680031,38.76042,-86.64771,
1625683630,38.891141,-86.849037,1614.09888,A5AA28,1625680030,39.28581,-87.42847,
1625683630,38.891141,-86.849037,1614.09888,A9CA77,1625680030,38.51601,-86.58516,
1625683631,38.89114,-86.849037,1614.03792,A3E9B2,1625680031,38.92731,-87.36406,
1625683631,38.89114,-86.849037,1614.03792,AA28E5,1625680031,38.46259,-86.37117,
1625683632,38.891141,-86.849037,1614.0684,ABD559,1625680032,39.09140,-87.90082,
1625683632,38.891141,-86.849037,1614.0684,A52C0C,1625680032,39.65459,-86.39691,
1625683632,38.891141,-86.849037,1614.0684,AA763F,1625680032,38.78546,-87.00421,
1625683634,38.891141,-86.849037,1614.15984,A3E9B2,1625680034,38.93182,-87.36505,
1625683634,38.891141,-86.849037,1614.15984,ABC455,1625680034,39.13935,-87.32684,
1625683636,38.891141,-86.849036,1614.28176,AAE1F8,1625680036,38.42569,-86.08325,
1625683636,38.891141,-86.849036,1614.28176,AA28E5,1625680036,38.45059,-86.37385,
1625683636,38.891141,-86.849036,1614.28176,ABC455,1625680036,39.14117,-87.31862,
1625683636,38.891141,-86.849036,1614.28176,A4FD62,1625680036,38.77057,-86.65837,
1625683636,38.891141,-86.849036,1614.28176,AA763F,1625680036,38.77853,-87.01044,
1625683637,38.891141,-86.849036,1614.40368,ABE23E,1625680037,39.14494,-86.79620,
1625683637,38.891141,-86.849036,1614.40368,AA28E5,1625680037,38.45059,-86.37385,
1625683638,38.891141,-86.849036,1614.43416,ABC455,1625680038,39.14177,-87.31598,
1625683637,38.891141,-86.849036,1614.40368,AA763F,1625680037,38.77776,-87.01112,
1625683638,38.891141,-86.849036,1614.43416,A05878,1625680038,38.77071,-86.54277,
1625683638,38.891141,-86.849036,1614.43416,A4E876,1625680038,38.81814,-86.29950,
1625683638,38.891141,-86.849036,1614.43416,AD14CD,1625680038,38.88741,-86.18427,
1625683638,38.891141,-86.849036,1614.43416,AB34D6,1625680038,39.05882,-86.39774,
1625683640,38.891142,-86.849057,1612.14816,ABB5A2,1625680040,38.21529,-86.79032,
1625683640,38.891142,-86.849057,1612.14816,ABE23E,1625680040,39.14438,-86.80359,
1625683639,38.891141,-86.84904,1614.15984,AD14CD,1625680039,38.88853,-86.18392,
1625683640,38.891142,-86.849057,1612.14816,A4FD62,1625680040,38.77559,-86.66382,
1625683639,38.891141,-86.84904,1614.15984,A1AF91,1625680039,39.34479,-85.86693,
1625683640,38.891142,-86.849057,1612.14816,A6E7AC,1625680040,39.43332,-87.31450,
1625683640,38.891142,-86.849057,1612.14816,A05878,1625680040,38.77231,-86.54361,
1625683640,38.891142,-86.849057,1612.14816,ACBD69,1625680040,39.56219,-86.26904,
1625683641,38.891143,-86.849085,1608.49056,AA1F97,1625680041,38.42784,-87.12851,
1625683642,38.891146,-86.849114,1603.82712,A3E9B2,1625680042,38.94951,-87.36688,
