1625677792,38.891142,-86.849036,1601.75448,A87D11,1625674192,38.23553,-87.29012,
1625677792,38.891142,-86.849036,1601.75448,AE602B,1625674192,39.47282,-87.50270,
1625677792,38.891142,-86.849036,1601.75448,A533CA,1625674192,38.37320,-88.20887,
1625677792,38.891142,-86.849036,1601.75448,A01B80,1625674192,39.01053,-87.75592,
1625677794,38.891142,-86.849036,1613.18448,A66223,1625674194,38.74590,-87.21831,
1625677794,38.891142,-86.849036,1613.18448,A389CA,1625674194,39.20375,-87.50324,
1625677794,38.891142,-86.849036,1613.18448,A5CE0F,1625674194,38.31413,-86.36008,
1625677792,38.891142,-86.849036,1601.75448,AA763F,1625674192,39.51321,-86.45361,
1625677793,38.891142,-86.849036,1606.50936,ADA6BF,1625674193,39.02838,-87.10833,
1625677793,38.891142,-86.849036,1606.50936,AAE9AF,1625674193,38.45573,-87.39270,
1625677792,38.891142,-86.849036,1601.75448,ACD1F6,1625674192,39.31900,-87.53510,
1625677792,38.891142,-86.849036,1601.75448,ABA3EC,1625674192,39.44270,-87.29712,
1625677794,38.891142,-86.849036,1613.18448,A11136,1625674194,38.36650,-88.00475,
1625677794,38.891142,-86.849036,1613.18448,AD74F2,1625674194,39.31357,-87.29581,
1625677794,38.891142,-86.849036,1613.18448,A62F6E,1625674194,38.78403,-86.67717,
1625677795,38.891142,-86.849036,1616.26296,A2EB79,1625674195,39.30890,-87.41321,
1625677795,38.891142,-86.849036,1616.26296,AB8F0D,1625674195,39.39482,-86.83456,
1625677795,38.891142,-86.849036,1616.26296,A6E7AC,1625674195,39.20220,-87.44879,
1625677797,38.891142,-86.849036,1616.59824,A32321,1625674197,38.91074,-87.63657,
1625677797,38.891142,-86.849036,1616.59824,A533CA,1625674197,38.37369,-88.20052,
1625677798,38.891142,-86.849036,1616.56776,AC9AE8,1625674198,38.13392,-86.97189,
1625677798,38.891142,-86.849036,1616.56776,AB8F0D,1625674198,39.39523,-86.83725,
1625677799,38.891142,-86.849036,1616.59824,A66223,1625674199,38.74566,-87.21375,
1625677798,38.891142,-86.849036,1616.56776,A0996B,1625674198,39.59929,-86.31464,
1625677799,38.891142,-86.849036,1616.59824,A5CE0F,1625674199,38.31645,-86.35182,
1625677798,38.891142,-86.849036,1616.56776,AAE9AF,1625674198,38.45860,-87.39152,
1625677800,38.891142,-86.849036,1616.5068,AD74F2,1625674200,39.31686,-87.29840,
1625677799,38.891142,-86.849036,1616.59824,A5D3FB,1625674199,39.15353,-87.31277,
1625677800,38.891142,-86.849036,1616.5068,AC789B,1625674200,39.61656,-86.80780,
1625677797,38.891142,-86.849036,1616.59824,A1636E,1625674197,37.97369,-87.41576,
1625677800,38.891142,-86.849036,1616.5068,A2B081,1625674200,39.03795,-86.86107,
1625677801,38.891142,-86.849036,1616.53728,AA763F,1625674201,39.52071,-86.44171,
1625677802,38.891142,-86.849036,1616.5068,A64850,1625674202,38.68286,-87.26056,
1625677802,38.891142,-86.849036,1616.5068,A6E7AC,1625674202,39.20338,-87.45278,
1625677802,38.891142,-86.849036,1616.5068,A993FC,1625674202,38.50201,-85.95013,
1625677802,38.891142,-86.849036,1616.5068,ACDBF4,1625674202,38.99588,-87.43909,
1625677804,38.891142,-86.849036,1616.5068,A2EB79,1625674204,39.31192,-87.40955,
1625677805,38.891142,-86.849036,1616.53728,A63D42,1625674205,39.11384,-86.39124,
1625677805,38.891142,-86.849036,1616.53728,A2EB79,1625674205,39.31233,-87.40908,
1625677805,38.891142,-86.849036,1616.53728,A5D3FB,1625674205,39.15518,-87.31097,
1625677806,38.891142,-86.849036,1616.62872,AC9AE8,1625674206,38.13748,-86.95533,
1625677806,38.891142,-86.849036,1616.62872,A389CA,1625674206,39.19533,-87.51357,
1625677806,38.891142,-86.849036,1616.62872,A63D42,1625674206,39.11193,-86.38965,
1625677806,38.891142,-86.849036,1616.62872,A62F6E,1625674206,38.77843,-86.67822,
1625677805,38.891142,-86.849036,1616.53728,A32321,1625674205,38.90286,-87.65896,
1625677809,38.891142,-86.849036,1616.53728,A66223,1625674209,38.74533,-87.20679,
1625677809,38.891142,-86.849036,1616.53728,4BB150,1625674209,39.47225,-86.62726,
1625677809,38.891142,-86.849036,1616.53728,A63D42,1625674209,39.10707,-86.38568,
1625677809,38.891142,-86.849036,1616.53728,A2B081,1625674209,39.04718,-86.84119,
1625677809,38.891142,-86.849036,1616.53728,A5D3FB,1625674209,39.15669,-87.31098,
1625677809,38.891142,-86.849036,1616.53728,ADA6BF,1625674209,39.04816,-87.07971,
1625677808,38.891142,-86.849037,1616.62872,A64850,1625674208,38.68144,-87.25748,
1625677810,38.891142,-86.849036,1616.59824,A389CA,1625674210,39.19377,-87.51556,
1625677811,38.891142,-86.849036,1616.59824,A11136,1625674211,38.36412,-87.95863,
1625677810,38.891142,-86.849036,1616.59824,AA763F,1625674210,39.52638,-86.43261,
1625677811,38.891142,-86.849036,1616.59824,A51E7D,1625674211,39.71855,-86.77683,
1625677810,38.891142,-86.849036,1616.59824,A43F2E,1625674210,39.84076,-88.29156,
1625677811,38.891142,-86.849036,1616.59824,ABEF52,1625674211,38.64204,-86.92780,
1625677810,38.891142,-86.849036,1616.59824,A389CA,1625674210,39.19267,-87.51697,
1625677811,38.891142,-86.849036,1616.59824,AB8F0D,1625674211,39.40112,-86.87555,
1625677810,38.891142,-86.849036,1616.59824,AD74F2,1625674210,39.32149,-87.30220,
1625677810,38.891142,-86.849036,1616.59824,A2EB79,1625674210,39.31462,-87.40680,
1625677810,38.891142,-86.849036,1616.59824,ADA6BF,1625674210,39.05076,-87.07593,
1625677811,38.891142,-86.849036,1616.59824,A6E7AC,1625674211,39.20517,-87.45822,
1625677811,38.891142,-86.849036,1616.59824,A5CE0F,1625674211,38.32050,-86.33442,
1625677814,38.891142,-86.849036,1615.37904,AC769B,1625674214,39.79783,-86.71454,
1625677814,38.891142,-86.849036,1615.37904,A86E35,1625674214,38.38216,-87.77848,
1625677814,38.891142,-86.849036,1615.37904,A62F6E,1625674214,38.77533,-86.67890,
1625677813,38.891142,-86.849036,1615.77528,ABA3EC,1625674213,39.44902,-87.28709,
1625677814,38.891142,-86.849036,1615.37904,A66223,1625674214,38.74800,-87.20631,
1625677814,38.891142,-86.849036,1615.37904,A88462,1625674214,39.05154,-87.92155,
1625677814,38.891142,-86.849036,1615.37904,A86E35,1625674214,38.37648,-87.77831,
1625677814,38.891142,-86.849036,1615.37904,A5D3FB,1625674214,39.15835,-87.31140,
1625677814,38.891142,-86.849036,1615.37904,A64850,1625674214,38.67957,-87.25276,
1625677815,38.891142,-86.849036,1615.1352,AB34D6,1625674215,39.41368,-86.48218,
1625677815,38.891142,-86.849036,1615.1352,A1902B,1625674215,39.74165,-86.61420,
1625677816,38.891142,-86.849036,1614.9828,ADA6BF,1625674216,39.05751,-87.06616,
1625677816,38.891142,-86.849036,1614.9828,A0996B,1625674216,39.61339,-86.29218,
1625677817,38.891142,-86.849036,1614.73896,AA763F,1625674217,39.53267,-86.42249,
1625677816,38.891142,-86.849036,1614.9828,AC9AE8,1625674216,38.14059,-86.94060,
1625677816,38.891142,-86.849036,1614.9828,A87D11,1625674216,38.19017,-87.28597,
1625677817,38.891142,-86.849036,1614.73896,AAE9AF,1625674217,38.47040,-87.38580,
1625677817,38.891142,-86.849036,1614.73896,AD74F2,1625674217,39.32419,-87.30501,
1625677817,38.891142,-86.849036,1614.73896,A2EB79,1625674217,39.31700,-87.40454,
1625677817,38.891142,-86.849036,1614.73896,A64850,1625674217,38.67872,-87.24945,
1625677818,38.891142,-86.849036,1614.79992,A66223,1625674218,38.74919,-87.20798,
1625677818,38.891142,-86.849036,1614.79992,A01B80,1625674218,39.01854,-87.69072,
1625677818,38.891142,-86.849036,1614.79992,A6E7AC,1625674218,39.20723,-87.46143,
1625677818,38.891142,-86.849036,1614.79992,AC769B,1625674218,39.80021,-86.69092,
1625677818,38.891142,-86.849036,1614.79992,A5CE0F,1625674218,38.32274,-86.31993,
1625677818,38.891142,-86.849036,1614.79992,AAA4B3,1625674218,39.49217,-85.43854,
1625677817,38.891142,-86.849036,1614.73896,A94C7B,1625674217,39.80421,-85.34479,
1625677819,38.891142,-86.849036,1614.58656,A11136,1625674219,38.36314,-87.93899,
1625677819,38.891142,-86.849036,1614.58656,A62F6E,1625674219,38.77257,-86.67950,
1625677820,38.891142,-86.849037,1614.55608,AC789B,1625674220,39.61628,-86.84351,
1625677820,38.891142,-86.849037,1614.55608,A6E7AC,1625674220,39.20811,-87.46234,
1625677820,38.891142,-86.849037,1614.55608,A88462,1625674220,39.04697,-87.93505,
1625677820,38.891142,-86.849037,1614.55608,A63D42,1625674220,39.08619,-86.36853,
1625677820,38.891142,-86.849037,1614.55608,ACD1F6,1625674220,39.26448,-87.51990,
1625677822,38.891142,-86.849038,1614.61704,A389CA,1625674222,39.18581,-87.52576,
1625677822,38.891142,-86.849038,1614.61704,AB8F0D,1625674222,39.40576,-86.90538,
1625677822,38.891142,-86.849038,1614.61704,A5D3FB,1625674222,39.16230,-87.31262,
1625677822,38.891142,-86.849038,1614.61704,AA763F,1625674222,39.53621,-86.41687,
1625677822,38.891142,-86.849038,1614.61704,AD74F2,1625674222,39.32643,-87.30698,
1625677822,38.891142,-86.849038,1614.61704,A64850,1625674222,38.67793,-87.24524,
1625677824,38.891142,-86.849037,1614.40368,A66223,1625674224,38.74924,-87.21204,
1625677816,38.891142,-86.849036,1614.9828,ABA3EC,1625674216,39.45062,-87.28441,
1625677824,38.891142,-86.849037,1614.40368,A5CE0F,1625674224,38.32416,-86.30941,
1625677823,38.891142,-86.849037,1614.49512,A2EB79,1625674223,39.31951,-87.40210,
1625677824,38.891142,-86.849037,1614.40368,AC769B,1625674224,39.80214,-86.67132,
1625677825,38.891142,-86.849037,1614.46464,A5CE0F,1625674225,38.32460,-86.30627,
1625677825,38.891142,-86.849037,1614.46464,A64850,1625674225,38.67755,-87.24243,
1625677826,38.891142,-86.849037,1614.34272,A01B80,1625674226,39.02088,-87.67133,
1625677825,38.891142,-86.849037,1614.46464,A6E7AC,1625674225,39.21011,-87.46454,
1625677826,38.891142,-86.849037,1614.34272,A0996B,1625674226,39.62210,-86.27802,
1625677827,38.891143,-86.849036,1614.34272,AC9AE8,1625674227,38.14202,-86.93380,
1625677827,38.891143,-86.849036,1614.34272,A533CA,1625674227,38.37306,-88.10999,
1625677827,38.891143,-86.849036,1614.34272,AAE9AF,1625674227,38.47673,-87.38330,
1625677827,38.891143,-86.849036,1614.34272,A62F6E,1625674227,38.76889,-86.68048,
1625677827,38.891143,-86.849036,1614.34272,AD74F2,1625674227,39.32910,-87.30896,
1625677827,38.891143,-86.849036,1614.34272,A1902B,1625674227,39.75554,-86.61985,
1625677826,38.891142,-86.849037,1614.34272,A5D3FB,1625674226,39.16430,-87.31348,
1625677827,38.891143,-86.849036,1614.34272,ADA6BF,1625674227,39.07265,-87.04438,
1625677828,38.891143,-86.849036,1614.31224,A504D0,1625674228,37.81197,-86.51535,
1625677827,38.891143,-86.849036,1614.34272,AC789B,1625674227,39.61620,-86.86902,
1625677827,38.891143,-86.849036,1614.34272,A6F5DA,1625674227,38.10919,-87.73781,
1625677829,38.891143,-86.849036,1614.31224,AA763F,1625674229,39.54259,-86.40656,
1625677828,38.891143,-86.849036,1614.31224,A34825,1625674228,38.11357,-87.78446,
1625677829,38.891143,-86.849036,1614.31224,A66223,1625674229,38.74920,-87.21698,
1625677829,38.891143,-86.849036,1614.31224,A11136,1625674229,38.36124,-87.90097,
1625677829,38.891143,-86.849036,1614.31224,AC9AE8,1625674229,38.14672,-86.91159,
1625677829,38.891143,-86.849036,1614.31224,A01B80,1625674229,39.02213,-87.66095,
1625677829,38.891143,-86.849036,1614.31224,ABA3EC,1625674229,39.45442,-87.27777,
1625677829,38.891143,-86.849036,1614.31224,A2EB79,1625674229,39.32198,-87.39966,
1625677829,38.891143,-86.849036,1614.31224,AAA4B3,1625674229,39.48128,-85.41840,
1625677831,38.891143,-86.849036,1613.97696,AB5DE4,1625674231,40.05722,-86.20104,
1625677830,38.891143,-86.849036,1614.0684,AA763F,1625674230,39.54403,-86.40417,
1625677830,38.891143,-86.849036,1614.0684,A5CE0F,1625674230,38.32599,-86.29632,
1625677831,38.891143,-86.849036,1613.97696,A64850,1625674231,38.67700,-87.23749,
1625677832,38.891142,-86.849036,1613.73312,A56C21,1625674232,39.78056,-87.29803,
1625677832,38.891142,-86.849036,1613.73312,A6F5DA,1625674232,38.10887,-87.73497,
1625677831,38.891143,-86.849036,1613.97696,A6E7AC,1625674231,39.21211,-87.46698,
1625677832,38.891142,-86.849036,1613.73312,A389CA,1625674232,39.17867,-87.53476,
1625677832,38.891142,-86.849036,1613.73312,AB8F0D,1625674232,39.40956,-86.93016,
1625677831,38.891143,-86.849036,1613.97696,AAA4B3,1625674231,39.48030,-85.41663,
1625677833,38.891142,-86.849037,1613.7636,A56C21,1625674233,39.78056,-87.29803,
1625677832,38.891142,-86.849036,1613.73312,A0996B,1625674232,39.62466,-86.27386,
1625677833,38.891142,-86.849037,1613.7636,AAE9AF,1625674233,38.48013,-87.38232,
1625677833,38.891142,-86.849037,1613.7636,A5D3FB,1625674233,39.16553,-87.31563,
1625677833,38.891142,-86.849037,1613.7636,ACD1F6,1625674233,39.23831,-87.51261,
1625677834,38.891142,-86.849037,1613.7636,4BB150,1625674234,39.52396,-86.58821,
1625677834,38.891142,-86.849037,1613.7636,A62F6E,1625674234,38.76577,-86.68134,
1625677834,38.891142,-86.849037,1613.7636,A5CE0F,1625674234,38.32695,-86.28919,
1625677835,38.891142,-86.849037,1613.79408,A504D0,1625674235,37.81792,-86.50724,
1625677835,38.891142,-86.849037,1613.79408,A0996B,1625674235,39.62823,-86.26805,
1625677835,38.891142,-86.849037,1613.79408,A43F2E,1625674235,39.84057,-88.25922,
1625677835,38.891142,-86.849037,1613.79408,ABA3EC,1625674235,39.45676,-87.27557,
1625677835,38.891142,-86.849037,1613.79408,AA763F,1625674235,39.54858,-86.39696,
1625677837,38.891142,-86.849036,1613.82456,A24FB8,1625674237,38.65637,-85.57581,
1625677837,38.891142,-86.849036,1613.82456,A2EB79,1625674237,39.32469,-87.39690,
1625677837,38.891142,-86.849036,1613.82456,A64850,1625674237,38.67639,-87.23206,
1625677837,38.891142,-86.849036,1613.82456,A32321,1625674237,38.87878,-87.72726,
1625677837,38.891142,-86.849036,1613.82456,ACDBF4,1625674237,38.92488,-87.41959,
1625677832,38.891142,-86.849036,1613.73312,A02088,1625674232,37.87886,-87.93009,
1625677837,38.891142,-86.849036,1613.82456,A6E7AC,1625674237,39.21437,-87.46932,
1625677837,38.891142,-86.849036,1613.82456,A533CA,1625674237,38.37218,-88.08978,
1625677837,38.891142,-86.849036,1613.82456,ADA6BF,1625674237,39.08569,-87.02551,
1625677838,38.891142,-86.849036,1613.82456,AC789B,1625674238,39.61609,-86.89014,
1625677838,38.891142,-86.849036,1613.82456,AAE9AF,1625674238,38.48362,-87.38239,
1625677838,38.891142,-86.849036,1613.82456,AD74F2,1625674238,39.33517,-87.30805,
1625677839,38.891142,-86.849036,1613.70264,A5D3FB,1625674239,39.16640,-87.31826,
1625677838,38.891142,-86.849036,1613.82456,A8AEAB,1625674238,39.42252,-85.16834,
1625677839,38.891142,-86.849036,1613.70264,A66223,1625674239,38.74901,-87.22565,
1625677839,38.891142,-86.849036,1613.70264,A11136,1625674239,38.35959,-87.86865,
1625677840,38.891142,-86.849036,1613.70264,AC9AE8,1625674240,38.15030,-86.89461,
1625677840,38.891142,-86.849036,1613.70264,A01B80,1625674240,39.02521,-87.63531,
1625677840,38.891142,-86.849036,1613.70264,A2B081,1625674240,39.08149,-86.76703,
1625677839,38.891142,-86.849036,1613.70264,A5CE0F,1625674239,38.32813,-86.28095,
1625677839,38.891142,-86.849036,1613.70264,A82A58,1625674239,39.52423,-87.70350,
1625677841,38.891142,-86.849037,1613.70264,A51E7D,1625674241,39.69961,-86.85199,
1625677840,38.891142,-86.849036,1613.70264,ABA3EC,1625674240,39.45693,-87.27545,
1625677842,38.891142,-86.849037,1613.67216,A0996B,1625674242,39.63405,-86.25856,
1625677842,38.891142,-86.849037,1613.67216,A6F5DA,1625674242,38.10809,-87.72828,
1625677838,38.891142,-86.849036,1613.82456,AA763F,1625674238,39.55115,-86.39290,
1625677842,38.891142,-86.849037,1613.67216,ABEF52,1625674242,38.57721,-86.92132,
1625677842,38.891142,-86.849037,1613.67216,A64850,1625674242,38.67581,-87.22715,
1625677842,38.891142,-86.849037,1613.67216,A15326,1625674242,38.97523,-85.44067,
1625677843,38.891142,-86.849037,1613.79408,A6E7AC,1625674243,39.21597,-87.47117,
1625677843,38.891142,-86.849037,1613.79408,A389CA,1625674243,39.17175,-87.54327,
1625677843,38.891142,-86.849037,1613.79408,AB8F0D,1625674243,39.41451,-86.96258,
1625677843,38.891142,-86.849037,1613.79408,A62F6E,1625674243,38.76195,-86.68237,
1625677838,38.891142,-86.849036,1613.82456,A56C21,1625674238,39.76941,-87.29486,
1625677843,38.891142,-86.849037,1613.79408,A0996B,1625674243,39.63446,-86.25796,
1625677844,38.891142,-86.849037,1613.79408,A51E7D,1625674244,39.69905,-86.85427,
1625677843,38.891142,-86.849037,1613.79408,A87D11,1625674243,38.13033,-87.28035,
1625677844,38.891142,-86.849037,1613.79408,AAE9AF,1625674244,38.48641,-87.38342,
1625677844,38.891142,-86.849037,1613.79408,AC769B,1625674244,39.80731,-86.61926,
1625677844,38.891142,-86.849037,1613.79408,AD74F2,1625674244,39.33792,-87.30710,
1625677843,38.891142,-86.849037,1613.79408,A5D3FB,1625674243,39.16681,-87.32023,
1625677844,38.891142,-86.849037,1613.79408,A86E35,1625674244,38.31949,-87.77626,
1625677844,38.891142,-86.849037,1613.79408,A5CE0F,1625674244,38.32924,-86.27312,
1625677846,38.891142,-86.849036,1613.73312,AB5DE4,1625674246,40.07966,-86.17532,
1625677845,38.891142,-86.849036,1613.85504,AB34D6,1625674245,39.41881,-86.43549,
1625677846,38.891142,-86.849036,1613.73312,ABA3EC,1625674246,39.46024,-87.27502,
1625677847,38.891142,-86.849036,1613.7636,AE602B,1625674247,39.46796,-87.45966,
1625677847,38.891142,-86.849036,1613.7636,A2EB79,1625674247,39.32915,-87.39252,
1625677847,38.891142,-86.849036,1613.7636,A64850,1625674247,38.67526,-87.22213,
1625677847,38.891142,-86.849036,1613.7636,A6F5DA,1625674247,38.10748,-87.72296,
1625677847,38.891142,-86.849036,1613.7636,AA763F,1625674247,39.55888,-86.38066,
1625677848,38.891142,-86.849036,1613.7636,A6E7AC,1625674248,39.21771,-87.47332,
1625677847,38.891142,-86.849036,1613.7636,A533CA,1625674247,38.37101,-88.06635,
1625677848,38.891142,-86.849036,1613.7636,A62F6E,1625674248,38.75893,-86.68298,
1625677848,38.891142,-86.849036,1613.7636,ADA6BF,1625674248,39.09993,-87.00485,
1625677848,38.891142,-86.849036,1613.7636,AAE9AF,1625674248,38.48874,-87.38483,
1625677850,38.891142,-86.849036,1613.94648,AD74F2,1625674250,39.34097,-87.30682,
1625677850,38.891142,-86.849036,1613.94648,A5D3FB,1625674250,39.16682,-87.32300,
1625677850,38.891142,-86.849036,1613.94648,A504D0,1625674250,37.82835,-86.49309,
1625677850,38.891142,-86.849036,1613.94648,A66223,1625674250,38.74905,-87.23413,
1625677850,38.891142,-86.849036,1613.94648,A11136,1625674250,38.35807,-87.83868,
1625677850,38.891142,-86.849036,1613.94648,AC789B,1625674250,39.61588,-86.91613,
1625677850,38.891142,-86.849036,1613.94648,AC9AE8,1625674250,38.15547,-86.87069,
1625677850,38.891142,-86.849036,1613.94648,A01B80,1625674250,39.02856,-87.60754,
1625677850,38.891142,-86.849036,1613.94648,A88462,1625674250,39.02428,-88.00214,
1625677850,38.891142,-86.849036,1613.94648,A63D42,1625674250,39.03415,-86.32609,
1625677850,38.891142,-86.849036,1613.94648,A5CE0F,1625674250,38.33011,-86.26699,
1625677847,38.891142,-86.849036,1613.7636,A82A58,1625674247,39.52439,-87.70154,
1625677851,38.891142,-86.849036,1613.94648,ABA3EC,1625674251,39.46252,-87.27649,
1625677853,38.891142,-86.849036,1613.79408,A24FB8,1625674253,38.68607,-85.58319,
1625677853,38.891142,-86.849036,1613.79408,A993FC,1625674253,38.51290,-86.05988,
1625677853,38.891142,-86.849036,1613.79408,A64850,1625674253,38.67471,-87.21706,
1625677853,38.891142,-86.849036,1613.79408,A15326,1625674253,38.96976,-85.43884,
1625677853,38.891142,-86.849036,1613.79408,A6E7AC,1625674253,39.21933,-87.47485,
1625677853,38.891142,-86.849036,1613.79408,A389CA,1625674253,39.16426,-87.55267,
1625677853,38.891142,-86.849036,1613.79408,AB8F0D,1625674253,39.41917,-86.99285,
1625677853,38.891142,-86.849036,1613.79408,A62F6E,1625674253,38.75637,-86.68323,
1625677853,38.891142,-86.849036,1613.79408,AAA4B3,1625674253,39.46582,-85.38055,
1625677854,38.891141,-86.849036,1613.7636,AA432D,1625674254,38.13904,-85.90413,
1625677854,38.891141,-86.849036,1613.7636,ABC98F,1625674254,38.02290,-86.17489,
1625677855,38.891142,-86.849036,1613.85504,AAE9AF,1625674255,38.49280,-87.38818,
1625677854,38.891141,-86.849036,1613.7636,A5D3FB,1625674254,39.16667,-87.32525,
1625677854,38.891141,-86.849036,1613.7636,A66223,1625674254,38.74956,-87.23718,
1625677856,38.891142,-86.849036,1613.85504,A82A58,1625674256,39.52469,-87.69239,
1625677857,38.891142,-86.849036,1613.82456,AC9AE8,1625674257,38.15766,-86.86060,
1625677857,38.891142,-86.849036,1613.82456,A533CA,1625674257,38.37003,-88.04736,
1625677857,38.891142,-86.849036,1613.82456,A5CE0F,1625674257,38.33218,-86.25259,
1625677857,38.891142,-86.849036,1613.82456,AE602B,1625674257,39.46699,-87.45074,
1625677857,38.891142,-86.849036,1613.82456,A2EB79,1625674257,39.33325,-87.38866,
1625677834,38.891142,-86.849037,1613.7636,A1902B,1625674234,39.76456,-86.62356,
1625677858,38.891142,-86.849036,1613.79408,A34825,1625674258,38.05818,-87.75282,
1625677859,38.891142,-86.849036,1613.85504,A533CA,1625674259,38.36882,-88.02533,
1625677859,38.891142,-86.849036,1613.85504,ADA6BF,1625674259,39.11221,-86.98700,
1625677859,38.891142,-86.849036,1613.85504,A64850,1625674259,38.67416,-87.21192,
1625677860,38.891142,-86.849036,1613.6112,A33EDA,1625674260,38.35963,-85.80936,
1625677858,38.891142,-86.849036,1613.79408,A15326,1625674258,38.96483,-85.43719,
1625677859,38.891142,-86.849036,1613.85504,AD74F2,1625674259,39.34646,-87.30682,
1625677859,38.891142,-86.849036,1613.85504,A0996B,1625674259,39.64687,-86.23754,
1625677860,38.891142,-86.849036,1613.6112,A11136,1625674260,38.35700,-87.81814,
1625677861,38.891142,-86.849036,1613.36736,AC789B,1625674261,39.61565,-86.94682,
1625677861,38.891142,-86.849036,1613.36736,AA763F,1625674261,39.56955,-86.36311,
1625677861,38.891142,-86.849036,1613.36736,A01B80,1625674261,39.03182,-87.58020,
1625677861,38.891142,-86.849036,1613.36736,A62F6E,1625674261,38.75281,-86.68374,
1625677861,38.891142,-86.849036,1613.36736,A5D3FB,1625674261,39.16690,-87.32889,
1625677862,38.891142,-86.849036,1613.4588,A34825,1625674262,38.04904,-87.74763,
1625677862,38.891142,-86.849036,1613.4588,A5CE0F,1625674262,38.33382,-86.24127,
1625677863,38.891142,-86.849036,1613.51976,A6E7AC,1625674263,39.22160,-87.47691,
1625677862,38.891142,-86.849036,1613.4588,A533CA,1625674262,38.36824,-88.01428,
1625677863,38.891142,-86.849036,1613.51976,A24FB8,1625674263,38.70854,-85.58881,
1625677864,38.891142,-86.849036,1613.58072,A2EB79,1625674264,39.33582,-87.38633,
1625677863,38.891142,-86.849036,1613.51976,ACD1F6,1625674263,39.17848,-87.49601,
1625677862,38.891142,-86.849036,1613.4588,A82A58,1625674262,39.52485,-87.68683,
1625677864,38.891142,-86.849036,1613.58072,4BB150,1625674264,39.58677,-86.54077,
1625677864,38.891142,-86.849036,1613.58072,A389CA,1625674264,39.15852,-87.56008,
1625677864,38.891142,-86.849036,1613.58072,AB8F0D,1625674264,39.42332,-87.02008,
1625677864,38.891142,-86.849036,1613.58072,A64850,1625674264,38.67360,-87.20691,
1625677865,38.891142,-86.849036,1613.58072,A56C21,1625674265,39.73587,-87.28516,
1625677864,38.891142,-86.849036,1613.58072,A15326,1625674264,38.96255,-85.43640,
1625677866,38.891142,-86.849036,1613.48928,ABC98F,1625674266,38.02776,-86.16875,
1625677865,38.891142,-86.849036,1613.58072,AAE9AF,1625674265,38.49637,-87.39136,
1625677861,38.891142,-86.849036,1613.36736,A43F2E,1625674261,39.84009,-88.17734,
1625677861,38.891142,-86.849036,1613.36736,AD74F2,1625674261,39.34819,-87.30688,
1625677866,38.891142,-86.849036,1613.48928,A0996B,1625674266,39.65048,-86.23163,
1625677866,38.891142,-86.849036,1613.48928,AC9AE8,1625674266,38.16143,-86.84310,
1625677866,38.891142,-86.849036,1613.48928,A5D3FB,1625674266,39.16699,-87.32973,
1625677867,38.891142,-86.849036,1613.51976,A32321,1625674267,38.85515,-87.79407,
1625677867,38.891142,-86.849036,1613.51976,ACDBF4,1625674267,38.86491,-87.40305,
1625677865,38.891142,-86.849036,1613.58072,A02088,1625674265,37.85791,-87.98914,
1625677868,38.891142,-86.849036,1613.58072,A1636E,1625674268,37.94952,-87.60054,
1625677866,38.891142,-86.849036,1613.48928,AE602B,1625674266,39.46624,-87.44434,
1625677868,38.891142,-86.849036,1613.58072,A5CE0F,1625674268,38.33521,-86.23163,
1625677869,38.891142,-86.849036,1613.73312,A6E7AC,1625674269,39.22321,-87.47810,
1625677869,38.891142,-86.849036,1613.73312,AAA4B3,1625674269,39.45931,-85.34998,
1625677868,38.891142,-86.849036,1613.58072,ADA6BF,1625674268,39.12529,-86.96807,
1625677866,38.891142,-86.849036,1613.48928,A8AEAB,1625674266,39.45973,-85.10147,
1625677870,38.891142,-86.849036,1613.70264,A66223,1625674270,38.74519,-87.23602,
1625677868,38.891142,-86.849036,1613.58072,A33EDA,1625674268,38.35963,-85.80936,
1625677870,38.891142,-86.849036,1613.70264,A2B081,1625674270,39.11510,-86.69421,
1625677870,38.891142,-86.849036,1613.70264,A64850,1625674270,38.67288,-87.20081,
1625677871,38.891142,-86.849036,1613.79408,A1636E,1625674271,37.94614,-87.62771,
1625677872,38.891142,-86.849036,1613.64168,A11136,1625674272,38.35476,-87.77539,
1625677872,38.891142,-86.849036,1613.64168,AC789B,1625674272,39.61549,-86.97040,
1625677870,38.891142,-86.849036,1613.70264,AA763F,1625674270,39.57065,-86.36126,
1625677872,38.891142,-86.849036,1613.64168,A01B80,1625674272,39.03489,-87.55420,
1625677871,38.891142,-86.849036,1613.79408,A24FB8,1625674271,38.73151,-85.59454,
1625677870,38.891142,-86.849036,1613.70264,A62F6E,1625674270,38.74805,-86.68452,
1625677872,38.891142,-86.849036,1613.64168,AD74F2,1625674272,39.35345,-87.30389,
1625677872,38.891142,-86.849036,1613.64168,A15326,1625674272,38.95487,-85.43378,
1625677872,38.891142,-86.849036,1613.64168,ABEF52,1625674272,38.51431,-86.91511,
1625677872,38.891142,-86.849036,1613.64168,A5D3FB,1625674272,39.16731,-87.33462,
1625677874,38.891142,-86.849035,1613.58072,A62F6E,1625674274,38.74678,-86.68475,
1625677874,38.891142,-86.849035,1613.58072,AB8F0D,1625674274,39.42798,-87.05072,
1625677875,38.891142,-86.849036,1613.58072,A389CA,1625674275,39.15106,-87.56981,
1625677875,38.891142,-86.849036,1613.58072,A2EB79,1625674275,39.34023,-87.38220,
1625677875,38.891142,-86.849036,1613.58072,ACDBF4,1625674275,38.84756,-87.39833,
1625677875,38.891142,-86.849036,1613.58072,A63D42,1625674275,38.99113,-86.29095,
1625677875,38.891142,-86.849036,1613.58072,A64850,1625674275,38.67233,-87.19664,
1625677874,38.891142,-86.849035,1613.58072,A62F6E,1625674274,38.74631,-86.68488,
1625677876,38.891142,-86.849036,1613.51976,A32321,1625674276,38.84724,-87.81647,
1625677876,38.891142,-86.849036,1613.51976,A533CA,1625674276,38.36632,-87.97951,
1625677876,38.891142,-86.849036,1613.51976,AB8F0D,1625674276,39.42865,-87.05501,
1625677876,38.891142,-86.849036,1613.51976,ACDBF4,1625674276,38.84463,-87.39752,
1625677876,38.891142,-86.849036,1613.51976,A62F6E,1625674276,38.74543,-86.68506,
1625677878,38.891142,-86.849037,1613.6112,A66223,1625674278,38.74553,-87.23031,
1625677878,38.891142,-86.849037,1613.6112,A6E7AC,1625674278,39.22543,-87.47961,
1625677878,38.891142,-86.849037,1613.6112,ADA6BF,1625674278,39.13656,-86.95172,
1625677879,38.891142,-86.849037,1613.51976,AA763F,1625674279,39.58250,-86.34030,
1625677879,38.891142,-86.849037,1613.51976,A5CE0F,1625674279,38.33782,-86.21342,
1625677880,38.891142,-86.849036,1613.51976,A6E7AC,1625674280,39.22580,-87.47986,
1625677881,38.891142,-86.849036,1613.58072,AA763F,1625674281,39.58434,-86.33678,
1625677881,38.891142,-86.849036,1613.58072,A533CA,1625674281,38.36589,-87.97189,
1625677881,38.891142,-86.849036,1613.58072,AD74F2,1625674281,39.35829,-87.30256,
1625677881,38.891142,-86.849036,1613.58072,ADA6BF,1625674281,39.14033,-86.94623,
1625677881,38.891142,-86.849036,1613.58072,A64850,1625674281,38.67174,-87.19165,
1625677881,38.891142,-86.849036,1613.58072,ABEF52,1625674281,38.49733,-86.91338,
1625677881,38.891142,-86.849036,1613.58072,ACD1F6,1625674281,39.14238,-87.48602,
1625677882,38.891142,-86.849036,1613.67216,AB8F0D,1625674282,39.43072,-87.06854,
1625677882,38.891142,-86.849036,1613.67216,ACD1F6,1625674282,39.14159,-87.48578,
1625677882,38.891142,-86.849036,1613.67216,A5D3FB,1625674282,39.16570,-87.33875,
1625677883,38.891142,-86.849037,1613.73312,A15326,1625674283,38.94728,-85.43134,
1625677883,38.891142,-86.849037,1613.73312,A5CE0F,1625674283,38.33805,-86.21181,
1625677883,38.891142,-86.849037,1613.73312,A2EB79,1625674283,39.34378,-87.37887,
1625677883,38.891142,-86.849037,1613.73312,A97CC1,1625674283,39.44813,-87.15399,
1625677885,38.891142,-86.849036,1613.3064,A993FC,1625674285,38.52328,-86.16649,
1625677885,38.891142,-86.849036,1613.3064,A5D3FB,1625674285,39.16524,-87.33887,
1625677885,38.891142,-86.849036,1613.3064,A34825,1625674285,38.01306,-87.72706,
1625677883,38.891142,-86.849037,1613.73312,A6E7AC,1625674283,39.22678,-87.48053,
1625677885,38.891142,-86.849036,1613.3064,AC769B,1625674285,39.81839,-86.50796,
1625677883,38.891142,-86.849037,1613.73312,4BB150,1625674283,39.61232,-86.52142,
1625677885,38.891142,-86.849036,1613.3064,A389CA,1625674285,39.14494,-87.57764,
1625677887,38.891142,-86.849037,1613.27592,AA763F,1625674287,39.58434,-86.33678,
1625677887,38.891142,-86.849037,1613.27592,A533CA,1625674287,38.36494,-87.95549,
1625677887,38.891142,-86.849037,1613.27592,A63D42,1625674287,38.97432,-86.27725,
1625677886,38.891142,-86.849036,1613.3064,A64850,1625674286,38.67101,-87.18595,
1625677887,38.891142,-86.849037,1613.27592,A62F6E,1625674287,38.74063,-86.68589,
1625677888,38.891142,-86.849037,1613.36736,A34825,1625674288,37.99681,-87.71782,
1625677888,38.891142,-86.849037,1613.36736,A5CE0F,1625674288,38.33963,-86.20031,
1625677888,38.891142,-86.849037,1613.36736,A66223,1625674288,38.74566,-87.22125,
1625677888,38.891142,-86.849037,1613.36736,A63D42,1625674288,38.96896,-86.27289,
1625677888,38.891142,-86.849037,1613.36736,A24FB8,1625674288,38.76718,-85.60344,
1625677889,38.891142,-86.849037,1613.42832,A993FC,1625674289,38.52411,-86.17497,
1625677888,38.891142,-86.849037,1613.36736,A15326,1625674288,38.94333,-85.42999,
1625677889,38.891142,-86.849037,1613.42832,A51E7D,1625674289,39.67037,-86.96820,
1625677890,38.891142,-86.849037,1613.4588,A5D3FB,1625674290,39.16351,-87.33922,
1625677890,38.891142,-86.849037,1613.4588,A01B80,1625674290,39.04051,-87.50807,
1625677890,38.891142,-86.849037,1613.4588,A11136,1625674290,38.35199,-87.72332,
1625677890,38.891142,-86.849037,1613.4588,A6E7AC,1625674290,39.22859,-87.48126,
1625677891,38.891142,-86.849037,1613.33688,A51E7D,1625674291,39.66975,-86.97052,
1625677891,38.891142,-86.849037,1613.33688,AD74F2,1625674291,39.36369,-87.30268,
1625677891,38.891142,-86.849037,1613.33688,A6E7AC,1625674291,39.22906,-87.48144,
1625677890,38.891142,-86.849037,1613.4588,ADA6BF,1625674290,39.15317,-86.92753,
1625677892,38.891142,-86.849037,1613.39784,A993FC,1625674292,38.52477,-86.18201,
1625677893,38.891142,-86.849037,1613.42832,AB8F0D,1625674293,39.43445,-87.09290,
1625677892,38.891142,-86.849037,1613.39784,A64850,1625674292,38.67041,-87.18051,
1625677893,38.891142,-86.849037,1613.42832,A842E2,1625674293,39.18865,-85.76831,
1625677893,38.891142,-86.849037,1613.42832,A8AEAB,1625674293,39.49566,-85.03687,
1625677893,38.891142,-86.849037,1613.42832,A5CE0F,1625674293,38.33982,-86.19837,
1625677893,38.891142,-86.849037,1613.42832,AC769B,1625674293,39.82055,-86.48627,
1625677893,38.891142,-86.849037,1613.42832,A66223,1625674293,38.74571,-87.21670,
1625677893,38.891142,-86.849037,1613.42832,A2EB79,1625674293,39.34786,-87.37482,
1625677894,38.891142,-86.849037,1613.48928,A15326,1625674294,38.94016,-85.42896,
1625677895,38.891142,-86.849037,1613.27592,A842E2,1625674295,39.19139,-85.77146,
1625677895,38.891142,-86.849037,1613.27592,A504D0,1625674295,37.91190,-86.37954,
1625677896,38.891142,-86.849037,1613.36736,A5D3FB,1625674296,39.16072,-87.33970,
1625677895,38.891142,-86.849037,1613.27592,AA763F,1625674295,39.59366,-86.31702,
1625677895,38.891142,-86.849037,1613.27592,A01B80,1625674295,39.04216,-87.49422,
1625677895,38.891142,-86.849037,1613.27592,AC9AE8,1625674295,38.17311,-86.78847,
1625677895,38.891142,-86.849037,1613.27592,A389CA,1625674295,39.13800,-87.58649,
1625677895,38.891142,-86.849037,1613.27592,A62F6E,1625674295,38.73605,-86.68673,
1625677897,38.891142,-86.849037,1613.4588,0D0B6A,1625674297,39.45241,-87.19843,
1625677896,38.891142,-86.849037,1613.36736,A997CC,1625674296,39.81906,-86.58185,
1625677896,38.891142,-86.849037,1613.36736,A24FB8,1625674296,38.78444,-85.60773,
1625677897,38.891142,-86.849037,1613.4588,A993FC,1625674297,38.52580,-86.19270,
1625677896,38.891142,-86.849037,1613.36736,A533CA,1625674296,38.36323,-87.92454,
1625677897,38.891142,-86.849037,1613.4588,AC9AE8,1625674297,38.17378,-86.78533,
1625677897,38.891142,-86.849037,1613.4588,A6E7AC,1625674297,39.23067,-87.48198,
1625677897,38.891142,-86.849037,1613.4588,AAA4B3,1625674297,39.44744,-85.29047,
1625677897,38.891142,-86.849037,1613.4588,A63D42,1625674297,38.95180,-86.25892,
1625677898,38.891142,-86.849037,1613.36736,A64850,1625674298,38.66987,-87.17511,
1625677898,38.891142,-86.849037,1613.36736,AE602B,1625674298,39.46336,-87.41852,
1625677898,38.891142,-86.849037,1613.36736,AC789B,1625674298,39.61507,-87.03534,
1625677898,38.891142,-86.849037,1613.36736,A63EC1,1625674298,40.11239,-88.75199,
1625677898,38.891142,-86.849037,1613.36736,A1636E,1625674298,37.93657,-87.70170,
1625677897,38.891142,-86.849037,1613.4588,A66223,1625674297,38.74538,-87.21295,
1625677900,38.891142,-86.849037,1613.51976,A842E2,1625674300,39.19438,-85.77490,
1625677900,38.891142,-86.849037,1613.51976,A24FB8,1625674300,38.79044,-85.60925,
1625677900,38.891142,-86.849037,1613.51976,A11136,1625674300,38.35048,-87.69442,
1625677900,38.891142,-86.849037,1613.51976,AD74F2,1625674300,39.36979,-87.30267,
1625677900,38.891142,-86.849037,1613.51976,A5D3FB,1625674300,39.15998,-87.33978,
1625677902,38.891142,-86.849036,1613.67216,ADA6BF,1625674302,39.16663,-86.90808,
1625677903,38.891142,-86.849035,1613.51976,AB8F0D,1625674303,39.43952,-87.12598,
1625677902,38.891142,-86.849036,1613.67216,A6E7AC,1625674302,39.23209,-87.48234,
1625677903,38.891142,-86.849035,1613.51976,AA763F,1625674303,39.59882,-86.30444,
1625677904,38.891142,-86.849035,1613.64168,A2EB79,1625674304,39.35225,-87.37057,
1625677904,38.891142,-86.849035,1613.64168,A64850,1625674304,38.66950,-87.17059,
1625677904,38.891142,-86.849035,1613.64168,ABEF52,1625674304,38.44862,-86.90854,
1625677902,38.891142,-86.849036,1613.67216,A43F2E,1625674302,39.83913,-88.04085,
1625677905,38.891142,-86.849036,1613.85504,AAA4B3,1625674305,39.44485,-85.27731,
1625677903,38.891142,-86.849035,1613.51976,A15326,1625674303,38.93871,-85.42843,
1625677904,38.891142,-86.849035,1613.64168,A66223,1625674304,38.74519,-87.20813,
1625677906,38.891142,-86.849036,1613.916,A82A58,1625674306,39.52550,-87.65509,
1625677906,38.891142,-86.849036,1613.916,A01B80,1625674306,39.04527,-87.46843,
1625677906,38.891142,-86.849036,1613.916,A11136,1625674306,38.34978,-87.68171,
1625677905,38.891142,-86.849036,1613.85504,AD74F2,1625674305,39.37253,-87.30261,
1625677905,38.891142,-86.849036,1613.85504,A389CA,1625674305,39.13101,-87.59286,
1625677906,38.891142,-86.849036,1613.916,A62F6E,1625674306,38.73106,-86.68780,
1625677906,38.891142,-86.849036,1613.916,A56C21,1625674306,39.65836,-87.26282,
1625677907,38.891142,-86.849036,1613.88552,AAA4B3,1625674307,39.44453,-85.27558,
1625677908,38.891142,-86.849036,1613.82456,A32321,1625674308,38.82285,-87.88519,
1625677907,38.891142,-86.849036,1613.88552,A533CA,1625674307,38.36169,-87.89664,
1625677908,38.891142,-86.849036,1613.82456,AC9AE8,1625674308,38.17662,-86.77236,
1625677908,38.891142,-86.849036,1613.82456,ACDBF4,1625674308,38.78064,-87.38018,
1625677908,38.891142,-86.849036,1613.82456,A2B081,1625674308,39.15434,-86.60889,
1625677908,38.891142,-86.849036,1613.82456,A6F5DA,1625674308,38.10189,-87.67902,
1625677908,38.891142,-86.849036,1613.82456,A6E7AC,1625674308,39.23395,-87.48260,
1625677908,38.891142,-86.849036,1613.82456,A63D42,1625674308,38.93443,-86.24487,
1625677906,38.891142,-86.849036,1613.916,AE602B,1625674306,39.46261,-87.41187,
1625677909,38.891142,-86.849036,1613.94648,A11136,1625674309,38.34892,-87.66616,
1625677909,38.891142,-86.849036,1613.94648,A64850,1625674309,38.66936,-87.16870,
1625677910,38.891142,-86.849036,1613.916,A66223,1625674310,38.74766,-87.20654,
1625677910,38.891142,-86.849036,1613.916,A2EB79,1625674310,39.35490,-87.36812,
1625677910,38.891142,-86.849036,1613.916,A82A58,1625674310,39.52620,-87.65221,
1625677906,38.891142,-86.849036,1613.916,A5D3FB,1625674306,39.15811,-87.33994,
1625677911,38.891142,-86.849036,1613.7636,AA763F,1625674311,39.60306,-86.29279,
1625677911,38.891142,-86.849036,1613.7636,A15326,1625674311,38.92726,-85.42523,
1625677911,38.891142,-86.849036,1613.7636,ADA6BF,1625674311,39.17902,-86.89014,
1625677912,38.891142,-86.849036,1613.67216,0D0B6A,1625674312,39.43999,-87.21143,
1625677912,38.891142,-86.849036,1613.67216,AAA4B3,1625674312,39.44302,-85.26788,
1625677913,38.891142,-86.849038,1613.33688,AB8F0D,1625674313,39.44413,-87.15619,
1625677913,38.891142,-86.849038,1613.33688,ACD1F6,1625674313,39.08540,-87.47009,
1625677911,38.891142,-86.849036,1613.7636,A6F5DA,1625674311,38.10152,-87.67645,
1625677913,38.891142,-86.849038,1613.33688,A97CC1,1625674313,39.45639,-87.14170,
1625677913,38.891142,-86.849038,1613.33688,A6E7AC,1625674313,39.23586,-87.48267,
1625677913,38.891142,-86.849038,1613.33688,AE602B,1625674313,39.46196,-87.40619,
1625677913,38.891142,-86.849038,1613.33688,A64850,1625674313,38.66986,-87.16123,
1625677911,38.891142,-86.849036,1613.7636,4BB150,1625674311,39.64476,-86.49679,
1625677915,38.891145,-86.849078,1607.6676,AD74F2,1625674315,39.37450,-87.30268,
1625677915,38.891145,-86.849078,1607.6676,A66223,1625674315,38.74915,-87.20856,
1625677916,38.891147,-86.849107,1602.91272,A82A58,1625674316,39.52816,-87.65027,
1625677916,38.891147,-86.849107,1602.91272,A5CE0F,1625674316,38.34256,-86.15162,
1625677916,38.891147,-86.849107,1602.91272,AAA4B3,1625674316,39.44166,-85.26080,
1625677916,38.891147,-86.849107,1602.91272,A533CA,1625674316,38.36063,-87.87665,
1625677912,38.891142,-86.849036,1613.67216,A11136,1625674312,38.34848,-87.65746,
1625677905,38.891142,-86.849036,1613.85504,A8AEAB,1625674305,39.50069,-85.02789,
1625677913,38.891142,-86.849038,1613.33688,A842E2,1625674313,39.21771,-85.80173,
1625677913,38.891142,-86.849038,1613.33688,A43F2E,1625674313,39.83881,-87.99362,
