1625677918,38.891149,-86.849148,1596.6948,AC9AE8,1625674318,38.17946,-86.75944,
1625677918,38.891149,-86.849148,1596.6948,A6E7AC,1625674318,39.23717,-87.48282,
1625677918,38.891149,-86.849148,1596.6948,A63D42,1625674318,38.91721,-86.23090,
1625677918,38.891149,-86.849148,1596.6948,AC789B,1625674318,39.61484,-87.07446,
1625677920,38.891152,-86.849206,1588.4652,A2EB79,1625674320,39.35899,-87.36450,
1625677920,38.891152,-86.849206,1588.4652,AA763F,1625674320,39.60851,-86.27802,
1625677922,38.891153,-86.849261,1579.80888,A51E7D,1625674322,39.65277,-87.03775,
1625677921,38.891152,-86.849233,1584.28944,A66223,1625674321,38.74911,-87.21289,
1625677922,38.891153,-86.849261,1579.80888,ADA6BF,1625674322,39.18965,-86.87463,
1625677924,38.891156,-86.849302,1574.4444,AB8F0D,1625674324,39.44804,-87.18176,
1625677924,38.891156,-86.849302,1574.4444,AC769B,1625674324,39.82837,-86.40604,
1625677924,38.891156,-86.849302,1574.4444,A6E7AC,1625674324,39.23886,-87.48324,
1625677926,38.89116,-86.849359,1567.06824,A2EB79,1625674326,39.36131,-87.36239,
1625677927,38.891162,-86.849389,1563.13632,A504D0,1625674327,37.95809,-86.31665,
1625677927,38.891162,-86.849389,1563.13632,A66223,1625674327,38.74897,-87.21838,
1625677927,38.891162,-86.849389,1563.13632,A64850,1625674327,38.67448,-87.14697,
1625677928,38.891163,-86.849404,1561.1856,A993FC,1625674328,38.53320,-86.27045,
1625677929,38.891166,-86.849436,1556.766,A01B80,1625674329,39.05165,-87.41498,
1625677927,38.891162,-86.849389,1563.13632,A389CA,1625674327,39.12022,-87.59949,
1625677929,38.891166,-86.849436,1556.766,A62F6E,1625674329,38.72054,-86.68953,
1625677928,38.891163,-86.849404,1561.1856,A63D42,1625674328,38.90608,-86.22180,
1625677930,38.891169,-86.849469,1552.0416,AC789B,1625674330,39.61459,-87.10749,
1625677931,38.89117,-86.849485,1549.69464,AB8F0D,1625674331,39.45103,-87.20165,
1625677929,38.891166,-86.849436,1556.766,A6E7AC,1625674329,39.24005,-87.48358,
1625677931,38.89117,-86.849485,1549.69464,AD74F2,1625674331,39.38734,-87.30365,
1625677931,38.89117,-86.849485,1549.69464,A2EB79,1625674331,39.36359,-87.36023,
1625677933,38.891172,-86.84955,1540.67256,AB8F0D,1625674333,39.45227,-87.20977,
1625677932,38.891171,-86.849518,1545.336,ADA6BF,1625674332,39.20457,-86.85297,
1625677934,38.891173,-86.849566,1538.38656,ABEF52,1625674334,38.38843,-86.90250,
1625677935,38.891175,-86.849597,1534.30224,A51E7D,1625674335,39.64787,-87.05692,
1625677935,38.891175,-86.849597,1534.30224,A62F6E,1625674335,38.71733,-86.69013,
1625677937,38.891177,-86.84966,1525.73736,AA763F,1625674337,39.61867,-86.25689,
1625677935,38.891175,-86.849597,1534.30224,AD74F2,1625674335,39.38915,-87.30383,
1625677937,38.891177,-86.84966,1525.73736,A6E7AC,1625674337,39.24256,-87.48401,
1625677937,38.891177,-86.84966,1525.73736,A66223,1625674337,38.74887,-87.22249,
1625677938,38.891179,-86.849692,1521.28728,A56C21,1625674338,39.58818,-87.24279,
1625677935,38.891175,-86.849597,1534.30224,A32321,1625674335,38.81512,-87.90680,
1625677938,38.891179,-86.849692,1521.28728,A01B80,1625674338,39.05457,-87.39039,
1625677938,38.891179,-86.849692,1521.28728,A389CA,1625674338,39.11105,-87.60547,
1625677938,38.891179,-86.849692,1521.28728,ACDBF4,1625674338,38.71696,-87.36262,
1625677938,38.891179,-86.849692,1521.28728,A2B081,1625674338,39.19075,-86.52979,
1625677938,38.891179,-86.849692,1521.28728,AC789B,1625674338,39.61442,-87.12701,
1625677940,38.891182,-86.849738,1514.97792,A11136,1625674340,38.34448,-87.58394,
1625677942,38.891186,-86.849798,1506.53496,A2EB79,1625674342,39.36769,-87.35638,
1625677942,38.891186,-86.849798,1506.53496,A64850,1625674342,38.68053,-87.13287,
1625677945,38.891192,-86.849886,1494.7392,ACDBF4,1625674345,38.70387,-87.35886,
1625677945,38.891192,-86.849886,1494.7392,A62F6E,1625674345,38.71284,-86.69104,
1625677947,38.891195,-86.849931,1488.67368,A2B081,1625674347,39.20050,-86.50862,
1625677948,38.891196,-86.84996,1484.8332,A64850,1625674348,38.68245,-87.12725,
1625677951,38.8912,-86.850037,1474.53096,AB8F0D,1625674351,39.45865,-87.25256,
1625677951,38.8912,-86.850037,1474.53096,ABEF52,1625674351,38.35439,-86.89911,
1625677950,38.891198,-86.850006,1478.67624,A64850,1625674350,38.68305,-87.12506,
1625677951,38.8912,-86.850037,1474.53096,AC769B,1625674351,39.83597,-86.32860,
1625677951,38.8912,-86.850037,1474.53096,A01B80,1625674351,39.05768,-87.36334,
1625677951,38.8912,-86.850037,1474.53096,A64850,1625674351,38.68327,-87.12409,
1625677953,38.891205,-86.850105,1465.0212,A62F6E,1625674353,38.70932,-86.69168,
1625677953,38.891205,-86.850105,1465.0212,AD74F2,1625674353,39.39995,-87.30662,
1625677955,38.891208,-86.850159,1457.91936,A2EB79,1625674355,39.37276,-87.35158,
1625677952,38.891202,-86.850071,1469.77608,A389CA,1625674352,39.09439,-87.61644,
1625677953,38.891205,-86.850105,1465.0212,0D0B6A,1625674353,39.40375,-87.25013,
1625677955,38.891208,-86.850159,1457.91936,AC769B,1625674355,39.83720,-86.31546,
1625677956,38.891208,-86.850175,1455.7248,ADA6BF,1625674356,39.22757,-86.82086,
1625677957,38.89121,-86.85021,1450.93944,ACDBF4,1625674357,38.68089,-87.35235,
1625677957,38.89121,-86.85021,1450.93944,A64850,1625674357,38.68393,-87.11798,
1625677957,38.89121,-86.85021,1450.93944,AA763F,1625674357,39.63355,-86.23291,
1625677959,38.891213,-86.850257,1444.35576,A01B80,1625674359,39.05846,-87.35695,
1625677959,38.891213,-86.850257,1444.35576,AD74F2,1625674359,39.40279,-87.30847,
1625677961,38.891217,-86.850322,1434.81552,AB8F0D,1625674361,39.46345,-87.28461,
1625677962,38.891218,-86.850339,1432.62096,A64850,1625674362,38.68373,-87.11472,
1625677963,38.891219,-86.850371,1428.35376,A62F6E,1625674363,38.70493,-86.69238,
1625677963,38.891219,-86.850371,1428.35376,A993FC,1625674363,38.54205,-86.36376,
1625677964,38.891221,-86.850404,1424.3304,AE602B,1625674364,39.46042,-87.36824,
1625677965,38.891223,-86.850434,1420.24608,A2EB79,1625674365,39.37692,-87.34758,
1625677966,38.891224,-86.850449,1418.29536,AB8F0D,1625674366,39.46541,-87.29766,
1625677966,38.891224,-86.850449,1418.29536,ADA6BF,1625674366,39.24228,-86.80457,
1625677967,38.891226,-86.85048,1414.45488,0D0B6A,1625674367,39.39043,-87.26399,
1625677968,38.891228,-86.850512,1410.462,A66223,1625674368,38.74530,-87.22995,
1625677968,38.891228,-86.850512,1410.462,AD74F2,1625674368,39.40745,-87.30927,
1625677968,38.891228,-86.850512,1410.462,A64850,1625674368,38.68170,-87.10883,
1625677968,38.891228,-86.850512,1410.462,A56C21,1625674368,39.53602,-87.22797,
1625677970,38.891231,-86.85056,1404.2136,A01B80,1625674370,39.06347,-87.31384,
1625677971,38.891233,-86.850591,1400.0988,AAE9AF,1625674371,38.55833,-87.42407,
1625677970,38.891231,-86.85056,1404.2136,AE602B,1625674370,39.46042,-87.36364,
1625677971,38.891233,-86.850591,1400.0988,A2EB79,1625674371,39.37930,-87.34537,
1625677971,38.891233,-86.850591,1400.0988,A62F6E,1625674371,38.70116,-86.69293,
1625677974,38.891238,-86.850686,1387.84584,A533CA,1625674374,38.35240,-87.71987,
1625677974,38.891238,-86.850686,1387.84584,AA763F,1625674374,39.64728,-86.21384,
1625677972,38.891235,-86.850622,1396.1364,AD74F2,1625674372,39.40973,-87.30920,
1625677975,38.891239,-86.850715,1383.91392,A64850,1625674375,38.67886,-87.10480,
1625677975,38.891239,-86.850715,1383.91392,A389CA,1625674375,39.07787,-87.62731,
1625677973,38.891236,-86.850655,1391.8692,AE602B,1625674373,39.46042,-87.36233,
1625677977,38.891242,-86.850761,1377.48264,AB8F0D,1625674377,39.46912,-87.32238,
1625677977,38.891242,-86.850761,1377.48264,0D0B6A,1625674377,39.38170,-87.27301,
1625677977,38.891242,-86.850761,1377.48264,ADA6BF,1625674377,39.26244,-86.78632,
1625677978,38.891244,-86.850791,1373.21544,A2B081,1625674378,39.22971,-86.44533,
1625677978,38.891244,-86.850791,1373.21544,A66223,1625674378,38.74547,-87.22284,
1625677979,38.891245,-86.850823,1368.76536,ADA6BF,1625674379,39.26746,-86.78235,
1625677979,38.891245,-86.850823,1368.76536,AD74F2,1625674379,39.41263,-87.30919,
1625677979,38.891245,-86.850823,1368.76536,A64850,1625674379,38.67560,-87.10089,
1625677980,38.891247,-86.850853,1364.49816,A01B80,1625674380,39.06585,-87.29419,
1625677971,38.891233,-86.850591,1400.0988,AAE9AF,1625674371,38.55852,-87.42432,
1625677980,38.891247,-86.850853,1364.49816,ADA6BF,1625674380,39.27068,-86.77987,
1625677982,38.89125,-86.850899,1358.09736,ABEF52,1625674382,38.29084,-86.89284,
1625677982,38.89125,-86.850899,1358.09736,A2EB79,1625674382,39.38338,-87.34161,
1625677982,38.89125,-86.850899,1358.09736,A62F6E,1625674382,38.69641,-86.69385,
1625677982,38.89125,-86.850899,1358.09736,A56C21,1625674382,39.51242,-87.22137,
1625677982,38.89125,-86.850899,1358.09736,AE602B,1625674382,39.46052,-87.35614,
1625677982,38.89125,-86.850899,1358.09736,AA763F,1625674382,39.65309,-86.20518,
1625677983,38.891252,-86.85093,1353.70824,AC769B,1625674383,39.84280,-86.25757,
1625677985,38.891255,-86.850976,1347.49032,A66223,1625674385,38.74548,-87.21544,
1625677983,38.891252,-86.85093,1353.70824,A533CA,1625674383,38.35169,-87.70648,
1625677984,38.891253,-86.85096,1349.6544,A51E7D,1625674384,39.61285,-87.19478,
1625677985,38.891255,-86.850976,1347.49032,AD74F2,1625674385,39.41634,-87.30966,
1625677985,38.891255,-86.850976,1347.49032,A389CA,1625674385,39.07466,-87.62940,
1625677986,38.891257,-86.851006,1343.406,A64850,1625674386,38.67229,-87.09711,
1625677987,38.891259,-86.851037,1339.1388,AB8F0D,1625674387,39.47388,-87.35443,
1625677987,38.891259,-86.851037,1339.1388,ACDBF4,1625674387,38.61694,-87.33516,
1625677987,38.891259,-86.851037,1339.1388,A2EB79,1625674387,39.38576,-87.33964,
1625677989,38.891263,-86.851097,1330.66536,A62F6E,1625674389,38.69293,-86.69473,
1625677986,38.891257,-86.851006,1343.406,A66223,1625674386,38.74533,-87.21417,
1625677990,38.891264,-86.851112,1328.53176,A01B80,1625674390,39.06957,-87.26306,
1625677992,38.891267,-86.851172,1320.57648,A64850,1625674392,38.66876,-87.09424,
1625677992,38.891267,-86.851172,1320.57648,A56C21,1625674392,39.49445,-87.21631,
1625677985,38.891255,-86.850976,1347.49032,A6E7AC,1625674385,39.25638,-87.48804,
1625677993,38.891269,-86.8512,1316.67504,A2EB79,1625674393,39.38845,-87.33752,
1625677991,38.891266,-86.851143,1324.56936,AE602B,1625674391,39.46052,-87.35504,
1625677994,38.891271,-86.851229,1312.6212,A993FC,1625674394,38.54884,-86.43536,
1625677994,38.891271,-86.851229,1312.6212,A533CA,1625674394,38.35011,-87.67709,
1625677995,38.891272,-86.851259,1308.6588,AAE9AF,1625674395,38.57174,-87.42938,
1625677993,38.891269,-86.8512,1316.67504,A389CA,1625674393,39.06231,-87.63751,
1625677996,38.891273,-86.851274,1306.64712,AB8F0D,1625674396,39.47749,-87.37839,
1625677996,38.891273,-86.851274,1306.64712,A64850,1625674396,38.66579,-87.09274,
1625677998,38.891276,-86.851337,1298.448,0D0B6A,1625674398,39.36227,-87.29265,
1625677999,38.891278,-86.851369,1294.36368,AE602B,1625674399,39.46046,-87.34913,
1625677999,38.891278,-86.851369,1294.36368,A2EB79,1625674399,39.39066,-87.33582,
1625678000,38.891279,-86.8514,1290.09648,A62F6E,1625674400,38.68822,-86.69598,
1625678001,38.891281,-86.851432,1285.76832,A01B80,1625674401,39.07218,-87.24042,
1625678003,38.891283,-86.85148,1279.0932,A64850,1625674403,38.66144,-87.09125,
1625678001,38.891281,-86.851432,1285.76832,A56C21,1625674401,39.47462,-87.20996,
1625678004,38.891285,-86.851512,1274.39928,A66223,1625674404,38.74897,-87.20959,
1625678003,38.891283,-86.85148,1279.0932,A11136,1625674403,38.33460,-87.40442,
1625678004,38.891285,-86.851512,1274.39928,AAE9AF,1625674404,38.57506,-87.42412,
1625678005,38.891288,-86.851543,1270.13208,AE602B,1625674405,39.46038,-87.34479,
1625678005,38.891288,-86.851543,1270.13208,ACDBF4,1625674405,38.58156,-87.32555,
1625678006,38.89129,-86.851574,1266.04776,AA763F,1625674406,39.67061,-86.17792,
1625678006,38.89129,-86.851574,1266.04776,AD74F2,1625674406,39.42872,-87.31134,
1625678008,38.891294,-86.851619,1260.22608,AB8F0D,1625674408,39.48061,-87.39929,
1625678008,38.891294,-86.851619,1260.22608,A2B081,1625674408,39.26807,-86.36161,
1625678008,38.891294,-86.851619,1260.22608,A64850,1625674408,38.65755,-87.09012,
1625678009,38.891295,-86.851649,1256.35512,A66223,1625674409,38.74887,-87.21329,
1625678010,38.891295,-86.851663,1254.64824,A2EB79,1625674410,39.39581,-87.33197,
1625678011,38.891295,-86.851664,1254.22152,A62F6E,1625674411,38.68300,-86.69727,
1625678012,38.891298,-86.851655,1252.5756,ADA6BF,1625674412,39.31636,-86.74524,
1625678011,38.891295,-86.851664,1254.22152,ABEF52,1625674411,38.22935,-86.88675,
1625678012,38.891298,-86.851655,1252.5756,A01B80,1625674412,39.07530,-87.21313,
1625678014,38.891309,-86.851619,1247.394,ACDBF4,1625674414,38.56159,-87.31989,
1625678017,38.89134,-86.851529,1235.44584,A2B081,1625674417,39.27763,-86.34054,
1625678018,38.891349,-86.851501,1231.66632,A2B081,1625674418,39.27887,-86.33789,
1625678018,38.891349,-86.851501,1231.66632,A97CC1,1625674418,39.46396,-87.15179,
1625678019,38.891354,-86.851486,1229.74608,A2EB79,1625674419,39.39874,-87.33002,
1625678020,38.891363,-86.851457,1226.14944,ACD1F6,1625674420,38.86395,-87.40942,
1625678020,38.891363,-86.851457,1226.14944,A64850,1625674420,38.64897,-87.08801,
1625678020,38.891363,-86.851457,1226.14944,A01B80,1625674420,39.07782,-87.19174,
1625678020,38.891363,-86.851457,1226.14944,ACDBF4,1625674420,38.55203,-87.31713,
1625678022,38.891377,-86.851412,1220.54112,0D0B6A,1625674422,39.34094,-87.31438,
1625678020,38.891363,-86.851457,1226.14944,A64850,1625674420,38.64869,-87.08789,
1625678022,38.891377,-86.851412,1220.54112,ADA6BF,1625674422,39.33217,-86.73248,
1625678022,38.891377,-86.851412,1220.54112,ACDBF4,1625674422,38.54691,-87.31569,
1625678022,38.891377,-86.851412,1220.54112,ACD1F6,1625674422,38.85947,-87.40824,
1625678022,38.891377,-86.851412,1220.54112,0D0B6A,1625674422,39.33995,-87.31537,
1625678022,38.891377,-86.851412,1220.54112,A993FC,1625674422,38.55638,-86.51544,
1625678022,38.891377,-86.851412,1220.54112,A62F6E,1625674422,38.67788,-86.69855,
1625678023,38.891385,-86.851383,1216.82256,A6E7AC,1625674423,39.26857,-87.49052,
1625678023,38.891385,-86.851383,1216.82256,A56C21,1625674423,39.43789,-87.18414,
1625678025,38.891404,-86.851323,1209.32448,AB34D6,1625674425,39.44902,-86.15393,
1625678025,38.891404,-86.851323,1209.32448,A389CA,1625674425,39.03833,-87.65314,
1625678025,38.891404,-86.851323,1209.32448,A997CC,1625674425,39.82567,-86.92926,
1625678025,38.891404,-86.851323,1209.32448,A2EB79,1625674425,39.40256,-87.32770,
1625678025,38.891404,-86.851323,1209.32448,A66223,1625674425,38.74864,-87.22649,
1625678026,38.891413,-86.851293,1205.51448,A82A58,1625674426,39.52913,-87.61951,
1625678026,38.891413,-86.851293,1205.51448,A63D42,1625674426,38.72598,-86.07561,
1625678026,38.891413,-86.851293,1205.51448,A389CA,1625674426,39.03703,-87.65400,
1625678026,38.891413,-86.851293,1205.51448,ABEF52,1625674426,38.19718,-86.88358,
1625678027,38.891423,-86.851262,1201.64352,A64850,1625674427,38.64445,-87.08671,
1625678028,38.891428,-86.851246,1199.66232,A993FC,1625674428,38.55768,-86.52924,
1625678029,38.891437,-86.851215,1195.66944,A533CA,1625674429,38.34503,-87.58122,
1625678029,38.891437,-86.851215,1195.66944,A6E7AC,1625674429,39.27044,-87.49078,
1625678026,38.891413,-86.851293,1205.51448,A97CC1,1625674426,39.46829,-87.14917,
1625678031,38.891455,-86.851152,1187.86656,AD74F2,1625674431,39.44199,-87.31189,
1625678030,38.891446,-86.851183,1191.73752,A6E7AC,1625674430,39.27072,-87.49094,
1625678031,38.891455,-86.851152,1187.86656,A11136,1625674431,38.33032,-87.32764,
1625678031,38.891455,-86.851152,1187.86656,ABEF52,1625674431,38.18852,-86.88269,
1625678031,38.891455,-86.851152,1187.86656,A01B80,1625674431,39.08060,-87.16821,
1625678031,38.891455,-86.851152,1187.86656,A2EB79,1625674431,39.40572,-87.32590,
1625678032,38.891465,-86.85112,1183.93464,ABA3EC,1625674432,39.43151,-87.33954,
1625678032,38.891465,-86.85112,1183.93464,A82A58,1625674432,39.53114,-87.61734,
1625678032,38.891465,-86.85112,1183.93464,A56C21,1625674432,39.42905,-87.17377,
1625678032,38.891465,-86.85112,1183.93464,A11136,1625674432,38.33020,-87.32495,
1625678031,38.891455,-86.851152,1187.86656,ADA6BF,1625674431,39.34535,-86.71783,
1625678033,38.891474,-86.851088,1179.91128,A6E7AC,1625674433,39.27155,-87.49136,
1625678032,38.891465,-86.85112,1183.93464,0D0B6A,1625674432,39.33060,-87.32477,
1625678033,38.891474,-86.851088,1179.91128,A64850,1625674433,38.64022,-87.08563,
1625678033,38.891474,-86.851088,1179.91128,A62F6E,1625674433,38.67284,-86.69998,
1625678034,38.891478,-86.851072,1177.80816,AC769B,1625674434,39.85756,-86.10345,
1625678033,38.891474,-86.851088,1179.91128,AE602B,1625674433,39.46010,-87.33325,
1625678035,38.891487,-86.85104,1173.75432,A24FB8,1625674435,39.07352,-85.68106,
1625678032,38.891465,-86.85112,1183.93464,AA432D,1625674432,38.09579,-86.21760,
1625678035,38.891487,-86.85104,1173.75432,AB34D6,1625674435,39.45018,-86.14246,
1625678026,38.891413,-86.851293,1205.51448,A66223,1625674426,38.74859,-87.22772,
1625678036,38.891497,-86.851008,1169.67,AD74F2,1625674436,39.44404,-87.31201,
1625678037,38.891506,-86.850976,1165.49424,A504D0,1625674437,38.11613,-86.10069,
1625678036,38.891497,-86.851008,1169.67,AC789B,1625674436,39.61228,-87.36011,
1625678036,38.891497,-86.851008,1169.67,A533CA,1625674436,38.34452,-87.57136,
1625678036,38.891497,-86.851008,1169.67,A2EB79,1625674436,39.40828,-87.32441,
1625678038,38.891516,-86.850944,1161.37944,AA763F,1625674438,39.69383,-86.14213,
1625678037,38.891506,-86.850976,1165.49424,A82A58,1625674437,39.53435,-87.61633,
1625678038,38.891516,-86.850944,1161.37944,AB8F0D,1625674438,39.49388,-87.48765,
1625678039,38.89152,-86.850928,1159.33728,A6E7AC,1625674439,39.27277,-87.49268,
1625678039,38.89152,-86.850928,1159.33728,A64850,1625674439,38.63636,-87.08484,
1625678038,38.891516,-86.850944,1161.37944,ADA6BF,1625674438,39.35344,-86.70547,
1625678039,38.89152,-86.850928,1159.33728,A66223,1625674439,38.74979,-87.23730,
1625678040,38.891529,-86.850896,1155.00912,AC9AE8,1625674440,38.22702,-86.53531,
1625678038,38.891516,-86.850944,1161.37944,AE602B,1625674438,39.46014,-87.33124,
1625678040,38.891529,-86.850896,1155.00912,A389CA,1625674440,39.02628,-87.66099,
1625678039,38.89152,-86.850928,1159.33728,A997CC,1625674439,39.82631,-86.96706,
1625678041,38.891539,-86.850864,1150.95528,AC03EF,1625674441,38.06131,-87.20188,
1625678042,38.891548,-86.850833,1146.84048,A01B80,1625674442,39.08372,-87.14227,
1625678041,38.891539,-86.850864,1150.95528,ADA6BF,1625674441,39.35675,-86.69958,
1625678042,38.891548,-86.850833,1146.84048,A63D42,1625674442,38.69743,-86.05255,
1625678042,38.891548,-86.850833,1146.84048,A56C21,1625674442,39.41089,-87.15144,
1625678042,38.891548,-86.850833,1146.84048,A11136,1625674442,38.32846,-87.29796,
1625678042,38.891548,-86.850833,1146.84048,A2EB79,1625674442,39.41098,-87.32292,
1625678042,38.891548,-86.850833,1146.84048,A51E7D,1625674442,39.57568,-87.33982,
1625678043,38.891558,-86.8508,1142.51232,AC769B,1625674443,39.85982,-86.07908,
1625678038,38.891516,-86.850944,1161.37944,A82A58,1625674438,39.53490,-87.61638,
1625678044,38.891567,-86.850768,1138.33656,A62F6E,1625674444,38.66829,-86.70111,
1625678044,38.891567,-86.850768,1138.33656,A24FB8,1625674444,39.08665,-85.68440,
1625678045,38.891572,-86.850752,1136.26392,A504D0,1625674445,38.12689,-86.08594,
1625678045,38.891572,-86.850752,1136.26392,A6E7AC,1625674445,39.27366,-87.49432,
1625678045,38.891572,-86.850752,1136.26392,A64850,1625674445,38.63292,-87.08426,
1625678044,38.891567,-86.850768,1138.33656,A97CC1,1625674444,39.47855,-87.14505,
1625678040,38.891529,-86.850896,1155.00912,A66223,1625674440,38.75006,-87.23843,
1625678045,38.891572,-86.850752,1136.26392,AB34D6,1625674445,39.45222,-86.12344,
1625678045,38.891572,-86.850752,1136.26392,A997CC,1625674445,39.82654,-86.98109,
1625678047,38.891592,-86.850689,1127.9124,AA432D,1625674447,38.09160,-86.24829,
1625678047,38.891592,-86.850689,1127.9124,A533CA,1625674447,38.34251,-87.53345,
1625678045,38.891572,-86.850752,1136.26392,AAE9AF,1625674445,38.59103,-87.39779,
1625678047,38.891592,-86.850689,1127.9124,AC9AE8,1625674447,38.23028,-86.52032,
1625678048,38.891601,-86.850657,1123.70616,0D0B6A,1625674448,39.31641,-87.33880,
1625678048,38.891601,-86.850657,1123.70616,AB8F0D,1625674448,39.49850,-87.51819,
1625678047,38.891592,-86.850689,1127.9124,A2EB79,1625674447,39.41359,-87.32166,
1625678048,38.891601,-86.850657,1123.70616,A51E7D,1625674448,39.57230,-87.35295,
1625678048,38.891601,-86.850657,1123.70616,A34825,1625674448,37.68915,-87.54298,
1625678048,38.891601,-86.850657,1123.70616,AE602B,1625674448,39.46028,-87.32672,
1625678048,38.891601,-86.850657,1123.70616,A56C21,1625674448,39.40195,-87.14056,
1625678049,38.891611,-86.850625,1119.28656,A2B081,1625674449,39.31141,-86.26630,
1625678049,38.891611,-86.850625,1119.28656,A62F6E,1625674449,38.66547,-86.70195,
1625678050,38.891616,-86.850609,1117.03104,AC789B,1625674450,39.61190,-87.39655,
1625678050,38.891616,-86.850609,1117.03104,AE602B,1625674450,39.46028,-87.32620,
1625678050,38.891616,-86.850609,1117.03104,A6E7AC,1625674450,39.27421,-87.49658,
1625678050,38.891616,-86.850609,1117.03104,A389CA,1625674450,39.01836,-87.66608,
1625678050,38.891616,-86.850609,1117.03104,A64850,1625674450,38.62875,-87.08355,
1625678048,38.891601,-86.850657,1123.70616,A97CC1,1625674448,39.48106,-87.14415,
1625678051,38.891625,-86.850578,1112.76384,ABEF52,1625674451,38.14476,-86.87845,
1625678052,38.891634,-86.850548,1108.64904,AB8F0D,1625674452,39.49979,-87.52700,
1625678052,38.891634,-86.850548,1108.64904,A01B80,1625674452,39.08624,-87.12024,
1625678052,38.891634,-86.850548,1108.64904,ACDBF4,1625674452,38.48625,-87.29909,
1625678053,38.891643,-86.850518,1104.5952,AC9AE8,1625674453,38.23093,-86.51721,
1625678048,38.891601,-86.850657,1123.70616,A63D42,1625674448,38.68803,-86.04492,
1625678053,38.891643,-86.850518,1104.5952,A11136,1625674453,38.32618,-87.27223,
1625678053,38.891643,-86.850518,1104.5952,ACD1F6,1625674453,38.79543,-87.39039,
1625678052,38.891634,-86.850548,1108.64904,ADA6BF,1625674452,39.36816,-86.67773,
1625678053,38.891643,-86.850518,1104.5952,A45A73,1625674453,39.96355,-86.27667,
1625678053,38.891643,-86.850518,1104.5952,AA763F,1625674453,39.70262,-86.12959,
1625678054,38.891648,-86.850502,1102.4616,AE602B,1625674454,39.46028,-87.32471,
1625678053,38.891643,-86.850518,1104.5952,A2EB79,1625674453,39.41574,-87.32077,
1625678054,38.891648,-86.850502,1102.4616,ABBEFA,1625674454,40.10578,-87.02695,
1625678054,38.891648,-86.850502,1102.4616,A24FB8,1625674454,39.10178,-85.68829,
1625678055,38.891657,-86.85047,1098.1944,A62F6E,1625674455,38.66266,-86.70276,
1625678056,38.891667,-86.850438,1093.98816,ABBEFA,1625674456,40.10568,-87.02826,
1625678056,38.891667,-86.850438,1093.98816,AA763F,1625674456,39.70813,-86.12195,
1625678057,38.891677,-86.850405,1089.56856,AE602B,1625674457,39.46028,-87.32330,
1625678057,38.891677,-86.850405,1089.56856,A64850,1625674457,38.62458,-87.08282,
1625678055,38.891657,-86.85047,1098.1944,AA432D,1625674455,38.09074,-86.25442,
1625678057,38.891677,-86.850405,1089.56856,A533CA,1625674457,38.34238,-87.53118,
1625678057,38.891677,-86.850405,1089.56856,A993FC,1625674457,38.56499,-86.60529,
1625678058,38.891682,-86.850389,1087.43496,AC9AE8,1625674458,38.23345,-86.50277,
1625678058,38.891682,-86.850389,1087.43496,AE602B,1625674458,39.46028,-87.32226,
1625678059,38.891691,-86.850357,1083.28968,A34825,1625674459,37.67610,-87.53561,
1625678060,38.891701,-86.850325,1079.08344,AC9AE8,1625674460,38.23377,-86.50032,
1625678059,38.891691,-86.850357,1083.28968,A56C21,1625674459,39.38818,-87.12367,
1625678060,38.891701,-86.850325,1079.08344,A11136,1625674460,38.32357,-87.24942,
1625678061,38.89171,-86.850295,1075.12104,A12121,1625674461,38.84254,-85.54010,
1625678061,38.89171,-86.850295,1075.12104,AD74F2,1625674461,39.45955,-87.31181,
1625678061,38.89171,-86.850295,1075.12104,AC789B,1625674461,39.61162,-87.42335,
1625678061,38.89171,-86.850295,1075.12104,A389CA,1625674461,39.01071,-87.67108,
1625678061,38.89171,-86.850295,1075.12104,AA763F,1625674461,39.71190,-86.11670,
1625678062,38.89172,-86.850263,1071.15864,A43F2E,1625674462,39.83494,-87.58533,
1625678062,38.89172,-86.850263,1071.15864,AE602B,1625674462,39.46028,-87.32050,
1625678062,38.89172,-86.850263,1071.15864,A6E7AC,1625674462,39.27389,-87.50055,
1625678062,38.89172,-86.850263,1071.15864,A64850,1625674462,38.62065,-87.08206,
1625678061,38.89171,-86.850295,1075.12104,AB8F0D,1625674461,39.50400,-87.55493,
1625678061,38.89171,-86.850295,1075.12104,A01B80,1625674461,39.08926,-87.09363,
1625678062,38.89172,-86.850263,1071.15864,AC9AE8,1625674462,38.23447,-86.49411,
1625678062,38.89172,-86.850263,1071.15864,ADA6BF,1625674462,39.37875,-86.65723,
1625678064,38.891734,-86.850216,1064.94072,A24FB8,1625674464,39.14227,-85.69855,
1625678064,38.891734,-86.850216,1064.94072,ABA3EC,1625674464,39.42316,-87.35313,
1625678065,38.891743,-86.850183,1060.88688,A62F6E,1625674465,38.65823,-86.70380,
1625678064,38.891734,-86.850216,1064.94072,A66223,1625674464,38.74492,-87.23480,
1625678066,38.891752,-86.850153,1056.86352,AA763F,1625674466,39.71489,-86.11263,
1625678066,38.891752,-86.850153,1056.86352,A22778,1625674466,38.21274,-86.32414,
1625678067,38.891757,-86.850137,1054.85184,A64850,1625674467,38.61718,-87.08142,
1625678068,38.891765,-86.850108,1050.91992,A63D42,1625674468,38.65443,-86.01787,
1625678068,38.891765,-86.850108,1050.91992,A533CA,1625674468,38.34000,-87.48747,
1625678069,38.891775,-86.850077,1046.46984,AD74F2,1625674469,39.46394,-87.31181,
1625678069,38.891775,-86.850077,1046.46984,A6E7AC,1625674469,39.27356,-87.50169,
1625678065,38.891743,-86.850183,1060.88688,ADF12E,1625674465,40.52028,-86.06184,
1625678069,38.891775,-86.850077,1046.46984,A87D11,1625674469,37.67235,-87.23875,
1625678069,38.891775,-86.850077,1046.46984,A34825,1625674469,37.65713,-87.52491,
1625678068,38.891765,-86.850108,1050.91992,ABA3EC,1625674468,39.42270,-87.35379,
1625678070,38.891784,-86.850047,1042.38552,AC789B,1625674470,39.61135,-87.44562,
1625678066,38.891752,-86.850153,1056.86352,A82A58,1625674466,39.54003,-87.62738,
1625678070,38.891784,-86.850047,1042.38552,A56C21,1625674470,39.37074,-87.10242,
1625678070,38.891784,-86.850047,1042.38552,A11136,1625674470,38.32162,-87.23306,
1625678070,38.891784,-86.850047,1042.38552,A97CC1,1625674470,39.49227,-87.13550,
1625678070,38.891784,-86.850047,1042.38552,A948A2,1625674470,39.61693,-87.86328,
1625678066,38.891752,-86.850153,1056.86352,AC03EF,1625674466,38.07793,-87.16003,
1625678070,38.891784,-86.850047,1042.38552,A12121,1625674470,38.86089,-85.55299,
1625678072,38.891798,-86.850002,1036.38096,A389CA,1625674472,39.00279,-87.67615,
1625678072,38.891798,-86.850002,1036.38096,AB8F0D,1625674472,39.50781,-87.58081,
1625678072,38.891798,-86.850002,1036.38096,A01B80,1625674472,39.09224,-87.06826,
1625678074,38.891816,-86.849941,1028.45616,ABBEFA,1625674474,40.10783,-87.03784,
1625678073,38.891807,-86.84997,1032.26616,AC9AE8,1625674473,38.23544,-86.47841,
1625678074,38.891816,-86.849941,1028.45616,ADA6BF,1625674474,39.38942,-86.63615,
1625678074,38.891816,-86.849941,1028.45616,AAE9AF,1625674474,38.60179,-87.39039,
1625678075,38.891825,-86.849911,1024.67664,AC769B,1625674475,39.86720,-86.00067,
1625678075,38.891825,-86.849911,1024.67664,A22778,1625674475,38.22972,-86.32145,
1625678074,38.891816,-86.849941,1028.45616,A6E7AC,1625674474,39.27292,-87.50485,
1625678073,38.891807,-86.84997,1032.26616,A24FB8,1625674473,39.15779,-85.70249,
1625678076,38.891835,-86.84988,1020.65328,A504D0,1625674476,38.17907,-86.01435,
1625678076,38.891835,-86.84988,1020.65328,A997CC,1625674476,39.82781,-87.06317,
1625678076,38.891835,-86.84988,1020.65328,A62F6E,1625674476,38.65274,-86.70524,
1625678077,38.891844,-86.84985,1016.6604,AA763F,1625674477,39.72391,-86.10132,
1625678069,38.891775,-86.850077,1046.46984,A64850,1625674469,38.61611,-87.08124,
1625678077,38.891844,-86.84985,1016.6604,ADA6BF,1625674477,39.39336,-86.62839,
1625678072,38.891798,-86.850002,1036.38096,A842E2,1625674472,39.43584,-86.05444,
1625678078,38.891848,-86.849835,1014.74016,A533CA,1625674478,38.33853,-87.46070,
1625678078,38.891848,-86.849835,1014.74016,0D0B6A,1625674478,39.29032,-87.36542,
1625678077,38.891844,-86.84985,1016.6604,A51E7D,1625674477,39.55458,-87.42191,
1625678078,38.891848,-86.849835,1014.74016,AA432D,1625674478,38.08471,-86.29820,
1625678080,38.891867,-86.849772,1006.57152,A2B081,1625674480,39.34325,-86.19604,
1625678080,38.891867,-86.849772,1006.57152,AAE9AF,1625674480,38.59955,-87.38812,
1625678079,38.891857,-86.849804,1010.65584,AC789B,1625674479,39.61125,-87.45535,
1625678079,38.891857,-86.849804,1010.65584,AB34D6,1625674479,39.45884,-86.06097,
1625678081,38.891876,-86.849741,1002.57864,A56C21,1625674481,39.35643,-87.08484,
1625678080,38.891867,-86.849772,1006.57152,A11136,1625674480,38.31839,-87.20708,
1625678081,38.891876,-86.849741,1002.57864,A12121,1625674481,38.87624,-85.56372,
1625678081,38.891876,-86.849741,1002.57864,A56C21,1625674481,39.35486,-87.08295,
1625678081,38.891876,-86.849741,1002.57864,A389CA,1625674481,38.99492,-87.68129,
1625678081,38.891876,-86.849741,1002.57864,ABEF52,1625674481,38.08301,-86.87240,
1625678081,38.891876,-86.849741,1002.57864,ACDBF4,1625674481,38.42170,-87.28204,
1625678083,38.89189,-86.849695,996.3912,AA763F,1625674483,39.72958,-86.09615,
1625678082,38.891886,-86.849711,998.34192,ACD1F6,1625674482,38.73459,-87.37361,
1625678082,38.891886,-86.849711,998.34192,AB8F0D,1625674482,39.51260,-87.61304,
1625678083,38.89189,-86.849695,996.3912,A01B80,1625674483,39.09513,-87.04364,
1625678086,38.891919,-86.849599,983.95536,A63D42,1625674486,38.61942,-85.98969,
1625678086,38.891919,-86.849599,983.95536,A01B80,1625674486,39.09583,-87.03748,
1625678086,38.891919,-86.849599,983.95536,ACDBF4,1625674486,38.41663,-87.28070,
1625678085,38.891909,-86.849632,988.22256,A22778,1625674485,38.25320,-86.31765,
1625678087,38.891924,-86.849583,981.85224,A62F6E,1625674487,38.64767,-86.70636,
1625678087,38.891924,-86.849583,981.85224,A01B80,1625674487,39.09625,-87.03387,
1625678088,38.891933,-86.849553,978.22512,A63D42,1625674488,38.61589,-85.98683,
1625678088,38.891933,-86.849553,978.22512,ADA6BF,1625674488,39.40283,-86.60970,
1625678090,38.891948,-86.849505,972.25104,ACD1F6,1625674490,38.72387,-87.37061,
1625678088,38.891933,-86.849553,978.22512,A389CA,1625674488,38.98945,-87.68481,
1625678090,38.891948,-86.849505,972.25104,A62F6E,1625674490,38.64655,-86.70660,
1625678088,38.891933,-86.849553,978.22512,AD74F2,1625674488,39.47532,-87.31122,
1625678086,38.891919,-86.849599,983.95536,A66223,1625674486,38.74480,-87.21347,
1625678090,38.891948,-86.849505,972.25104,AA0759,1625674490,39.75490,-87.01811,
1625678090,38.891948,-86.849505,972.25104,A997CC,1625674490,39.82842,-87.09955,
1625678090,38.891948,-86.849505,972.25104,A63D42,1625674490,38.61250,-85.98408,
1625678090,38.891948,-86.849505,972.25104,ACD1F6,1625674490,38.71982,-87.36951,
1625678090,38.891948,-86.849505,972.25104,A389CA,1625674490,38.98906,-87.68505,
1625678090,38.891948,-86.849505,972.25104,ADA6BF,1625674490,39.40484,-86.60571,
1625678092,38.891965,-86.849445,964.14336,A56C21,1625674492,39.34195,-87.06720,
1625678091,38.891957,-86.849475,968.22768,A11136,1625674491,38.31370,-87.17018,
1625678092,38.891965,-86.849445,964.14336,A533CA,1625674492,38.33665,-87.42686,
1625678092,38.891965,-86.849445,964.14336,ADA6BF,1625674492,39.40661,-86.60223,
1625678092,38.891965,-86.849445,964.14336,A01B80,1625674492,39.09760,-87.02216,
1625678093,38.891974,-86.849416,960.12,A64850,1625674493,38.60477,-87.06587,
1625678093,38.891974,-86.849416,960.12,A993FC,1625674493,38.57341,-86.69616,
1625678095,38.891987,-86.849373,954.42024,A64850,1625674495,38.60445,-87.06480,
1625678094,38.891983,-86.849387,956.27952,AC9AE8,1625674494,38.23540,-86.44139,
1625678094,38.891983,-86.849387,956.27952,AD74F2,1625674494,39.47830,-87.31140,
1625678094,38.891983,-86.849387,956.27952,AAA4B3,1625674494,39.38282,-84.96210,
1625678095,38.891987,-86.849373,954.42024,A9EEB6,1625674495,39.68312,-86.35535,
1625678097,38.892004,-86.849314,946.37352,ABEF52,1625674497,38.05449,-86.86960,
1625678096,38.891996,-86.849343,950.3664,A22778,1625674496,38.27162,-86.31468,
1625678097,38.892004,-86.849314,946.37352,AC9AE8,1625674497,38.23535,-86.43703,
1625678097,38.892004,-86.849314,946.37352,AB8F0D,1625674497,39.51778,-87.64827,
1625678098,38.892013,-86.849284,942.25872,A2EB79,1625674498,39.43483,-87.30954,
1625678100,38.892032,-86.849225,934.42536,A62F6E,1625674500,38.64157,-86.70776,
1625678100,38.892032,-86.849225,934.42536,A56C21,1625674500,39.33050,-87.05310,
1625678101,38.892036,-86.84921,932.47464,A64850,1625674501,38.60237,-87.05804,
1625678100,38.892032,-86.849225,934.42536,AA0759,1625674500,39.74840,-87.01626,
1625678100,38.892032,-86.849225,934.42536,A6E7AC,1625674500,39.27063,-87.51428,
1625678101,38.892036,-86.84921,932.47464,A67535,1625674501,39.71828,-86.37457,
1625678101,38.892036,-86.84921,932.47464,0D0B6A,1625674501,39.26917,-87.38740,
1625678100,38.892032,-86.849225,934.42536,A389CA,1625674500,38.98117,-87.69025,
1625678101,38.892036,-86.84921,932.47464,A56C21,1625674501,39.32790,-87.04993,
1625678101,38.892036,-86.84921,932.47464,A66223,1625674501,38.74771,-87.20734,
1625678101,38.892036,-86.84921,932.47464,A64850,1625674501,38.60214,-87.05725,
1625678102,38.892045,-86.84918,928.5732,A9EEB6,1625674502,39.68413,-86.36233,
1625678101,38.892036,-86.84921,932.47464,A51E7D,1625674501,39.53920,-87.48156,
1625678102,38.892045,-86.84918,928.5732,AD74F2,1625674502,39.48281,-87.31201,
1625678101,38.892036,-86.84921,932.47464,ABEF52,1625674501,38.03974,-86.86818,
1625678102,38.892045,-86.84918,928.5732,A11136,1625674502,38.30947,-87.13657,
1625678103,38.892054,-86.84915,924.51936,A533CA,1625674503,38.33502,-87.39833,
1625678103,38.892054,-86.84915,924.51936,AC9AE8,1625674503,38.23540,-86.42849,
1625678102,38.892045,-86.84918,928.5732,ADA6BF,1625674502,39.41519,-86.58522,
1625678102,38.892045,-86.84918,928.5732,AA432D,1625674502,38.07801,-86.34693,
1625678103,38.892054,-86.84915,924.51936,A01B80,1625674503,39.10016,-86.99927,
1625678103,38.892054,-86.84915,924.51936,A82A58,1625674503,39.53779,-87.65070,
1625678104,38.892063,-86.84912,920.43504,A66223,1625674504,38.74832,-87.20840,
1625678105,38.892067,-86.849104,918.3624,ABA3EC,1625674505,39.41327,-87.34603,
1625678105,38.892067,-86.849104,918.3624,A9EEB6,1625674505,39.68468,-86.36627,
1625678105,38.892067,-86.849104,918.3624,A2EB79,1625674505,39.43794,-87.30621,
1625678105,38.892067,-86.849104,918.3624,AC9AE8,1625674505,38.23553,-86.42325,
1625678105,38.892067,-86.849104,918.3624,A6E7AC,1625674505,39.27058,-87.51447,
1625678107,38.892085,-86.849046,910.80336,A64850,1625674507,38.60042,-87.05249,
1625678107,38.892085,-86.849046,910.80336,A9EEB6,1625674507,39.68495,-86.36884,
1625678107,38.892085,-86.849046,910.80336,AD74F2,1625674507,39.48547,-87.31232,
1625678108,38.892094,-86.849017,907.26768,A66223,1625674508,38.74883,-87.21185,
1625678110,38.892112,-86.848955,899.12952,A5D3FB,1625674510,39.15141,-87.21796,
1625678110,38.892112,-86.848955,899.12952,AC9AE8,1625674510,38.23582,-86.41798,
1625678110,38.892112,-86.848955,899.12952,A62F6E,1625674510,38.63699,-86.70894,
1625678110,38.892112,-86.848955,899.12952,AD74F2,1625674510,39.48738,-87.31268,
1625678112,38.892126,-86.84891,893.03352,AA0759,1625674512,39.71159,-87.00593,
1625678112,38.892126,-86.84891,893.03352,A12121,1625674512,38.93207,-85.60296,
1625678112,38.892126,-86.84891,893.03352,A389CA,1625674512,38.97316,-87.69550,
1625678112,38.892126,-86.84891,893.03352,A56C21,1625674512,39.31430,-87.03320,
1625678112,38.892126,-86.84891,893.03352,AC03EF,1625674512,38.13080,-87.02671,
1625678113,38.892136,-86.848889,888.9492,A64850,1625674513,38.59832,-87.04749,
1625678113,38.892136,-86.848889,888.9492,A9EEB6,1625674513,39.68578,-86.37547,
1625678113,38.892136,-86.848889,888.9492,AC9AE8,1625674513,38.23650,-86.40969,
1625678113,38.892136,-86.848889,888.9492,A51E7D,1625674513,39.53174,-87.51038,
1625678112,38.892126,-86.84891,893.03352,ABEF52,1625674512,38.01860,-86.86609,
1625678113,38.892136,-86.848889,888.9492,A11136,1625674513,38.30640,-87.11258,
1625678114,38.892147,-86.848881,884.71248,A6E7AC,1625674514,39.26953,-87.51906,
1625678114,38.892147,-86.848881,884.71248,A533CA,1625674514,38.33358,-87.37200,
1625678113,38.892136,-86.848889,888.9492,0D0B6A,1625674513,39.25800,-87.39940,
1625678114,38.892147,-86.848881,884.71248,A11136,1625674514,38.30574,-87.10749,
1625678114,38.892147,-86.848881,884.71248,ADA6BF,1625674514,39.42397,-86.56787,
1625678114,38.892147,-86.848881,884.71248,AA432D,1625674514,38.07452,-86.37188,
1625678114,38.892147,-86.848881,884.71248,A01B80,1625674514,39.10323,-86.97255,
1625678114,38.892147,-86.848881,884.71248,A87D11,1625674514,37.57690,-87.23010,
1625678115,38.892152,-86.848878,882.36552,A22778,1625674515,38.31561,-86.30764,
1625678116,38.892169,-86.848874,875.41608,A5D3FB,1625674516,39.14959,-87.21594,
1625678116,38.892169,-86.848874,875.41608,AD8ED7,1625674516,37.86210,-86.67013,
1625678116,38.892169,-86.848874,875.41608,A533CA,1625674516,38.33321,-87.36513,
1625678115,38.892152,-86.848878,882.36552,AD74F2,1625674515,39.49012,-87.31390,
1625678115,38.892152,-86.848878,882.36552,AA432D,1625674515,38.07198,-86.39023,
1625678118,38.892187,-86.848872,868.58856,ACDBF4,1625674518,38.34904,-87.26249,
1625678118,38.892187,-86.848872,868.58856,A64850,1625674518,38.59625,-87.04301,
1625678118,38.892187,-86.848872,868.58856,A842E2,1625674518,39.50944,-86.14014,
1625678118,38.892187,-86.848872,868.58856,A9EEB6,1625674518,39.68653,-86.38190,
1625678118,38.892187,-86.848872,868.58856,AC9AE8,1625674518,38.23778,-86.39999,
1625678118,38.892187,-86.848872,868.58856,A6E7AC,1625674518,39.26926,-87.52061,
1625678120,38.892209,-86.848869,859.8408,ADA6BF,1625674520,39.42801,-86.55979,
1625678118,38.892187,-86.848872,868.58856,A997CC,1625674518,39.82961,-87.17896,
1625678120,38.892209,-86.848869,859.8408,A63D42,1625674520,38.56256,-85.94390,
1625678120,38.892209,-86.848869,859.8408,ACD1F6,1625674520,38.66117,-87.35327,
1625678120,38.892209,-86.848869,859.8408,A389CA,1625674520,38.96599,-87.70016,
1625678120,38.892209,-86.848869,859.8408,A62F6E,1625674520,38.63191,-86.71043,
1625678117,38.892175,-86.848873,873.13008,A5D3FB,1625674517,39.14905,-87.21556,
1625678119,38.892198,-86.84887,864.13848,AA0759,1625674519,39.70394,-87.00378,
1625678122,38.892228,-86.848867,851.27592,A56C21,1625674522,39.30446,-87.02121,
1625678122,38.892228,-86.848867,851.27592,ABA3EC,1625674522,39.41820,-87.33246,
1625678122,38.892228,-86.848867,851.27592,ABEF52,1625674522,38.00853,-86.86516,
1625678122,38.892228,-86.848867,851.27592,A2EB79,1625674522,39.44321,-87.29772,
1625678122,38.892228,-86.848867,851.27592,0D0B6A,1625674522,39.25010,-87.40814,
1625678124,38.892243,-86.848866,844.69224,A11136,1625674524,38.30342,-87.08962,
1625678124,38.892243,-86.848866,844.69224,A01B80,1625674524,39.10574,-86.95197,
1625678124,38.892243,-86.848866,844.69224,A993FC,1625674524,38.58028,-86.77097,
1625678124,38.892243,-86.848866,844.69224,AC9AE8,1625674524,38.23936,-86.39081,
1625678124,38.892243,-86.848866,844.69224,A389CA,1625674524,38.96297,-87.70215,
1625678125,38.892253,-86.848866,840.42504,ADA6BF,1625674525,39.43304,-86.54892,
1625678127,38.892272,-86.848864,831.89064,A533CA,1625674527,38.33209,-87.34573,
1625678119,38.892198,-86.84887,864.13848,AD74F2,1625674519,39.49096,-87.31445,
1625678119,38.892198,-86.84887,864.13848,AA432D,1625674519,38.07103,-86.39696,
1625678128,38.892282,-86.848863,827.65392,ABA3EC,1625674528,39.42009,-87.32895,
1625678122,38.892228,-86.848867,851.27592,A64850,1625674522,38.59474,-87.03996,
1625678125,38.892253,-86.848866,840.42504,A948A2,1625674525,39.53291,-87.85876,
1625678129,38.892287,-86.848862,825.36792,A2EB79,1625674529,39.44539,-87.29425,
1625678131,38.892307,-86.84886,816.28488,A5D3FB,1625674531,39.14378,-87.21497,
1625678131,38.892307,-86.84886,816.28488,A62F6E,1625674531,38.62718,-86.71204,
1625678130,38.892297,-86.848861,820.79592,ADA6BF,1625674530,39.43575,-86.54235,
1625678132,38.892317,-86.848858,811.71288,AB8F0D,1625674532,39.53183,-87.74384,
1625678132,38.892317,-86.848858,811.71288,A56C21,1625674532,39.28590,-86.99847,
1625678132,38.892317,-86.848858,811.71288,A01B80,1625674532,39.11058,-86.93066,
1625678134,38.892333,-86.848857,804.45864,A5D3FB,1625674534,39.14289,-87.21539,
1625678129,38.892287,-86.848862,825.36792,ABEF52,1625674529,37.99137,-86.86346,
1625678134,38.892333,-86.848857,804.45864,A64850,1625674534,38.59241,-87.02891,
1625678134,38.892333,-86.848857,804.45864,A2EB79,1625674534,39.44691,-87.29235,
1625678134,38.892333,-86.848857,804.45864,0D0B6A,1625674534,39.23958,-87.42004,
1625678134,38.892333,-86.848857,804.45864,A11136,1625674534,38.29895,-87.05471,
1625678134,38.892333,-86.848857,804.45864,A01B80,1625674534,39.11206,-86.92610,
1625678134,38.892333,-86.848857,804.45864,ACDBF4,1625674534,38.31285,-87.25278,
1625678136,38.892354,-86.848855,795.0708,ABA3EC,1625674536,39.42009,-87.32895,
1625678136,38.892354,-86.848855,795.0708,A389CA,1625674536,38.95345,-87.70834,
1625678137,38.892359,-86.848855,792.72384,A62F6E,1625674537,38.62491,-86.71258,
1625678137,38.892359,-86.848855,792.72384,A533CA,1625674537,38.33055,-87.32047,
1625678139,38.89238,-86.848853,783.76272,A5D3FB,1625674539,39.14140,-87.21664,
1625678140,38.89239,-86.848852,779.2212,A64850,1625674540,38.59194,-87.02411,
1625678140,38.89239,-86.848852,779.2212,A948A2,1625674540,39.49562,-87.85647,
1625678140,38.89239,-86.848852,779.2212,AC03EF,1625674540,38.15906,-86.95517,
1625678142,38.892407,-86.84885,772.69848,A12121,1625674542,38.99583,-85.64792,
1625678141,38.892401,-86.848851,774.8016,AB8F0D,1625674541,39.53531,-87.76763,
1625678143,38.892417,-86.848849,768.88848,A51E7D,1625674543,39.51428,-87.57776,
1625678144,38.892427,-86.848849,764.92608,A56C21,1625674544,39.27124,-86.98059,
1625678144,38.892427,-86.848849,764.92608,A22778,1625674544,38.37515,-86.29813,
1625678144,38.892427,-86.848849,764.92608,A9FE7E,1625674544,38.45636,-87.42365,
1625678144,38.892427,-86.848849,764.92608,A5D3FB,1625674544,39.14033,-87.21857,
1625678142,38.892407,-86.84885,772.69848,ABEF52,1625674542,37.95493,-86.85996,
1625678146,38.89244,-86.848847,759.43968,A87D11,1625674546,37.52469,-87.22541,
1625678145,38.892436,-86.848848,760.38456,A64850,1625674545,38.59099,-87.01906,
1625678140,38.89239,-86.848852,779.2212,A2EB79,1625674540,39.44760,-87.29151,
1625678146,38.89244,-86.848847,759.43968,0D0B6A,1625674546,39.23157,-87.42908,
1625678146,38.89244,-86.848847,759.43968,A389CA,1625674546,38.94630,-87.71295,
1625678145,38.892436,-86.848848,760.38456,A11136,1625674545,38.29536,-87.02732,
1625678146,38.89244,-86.848847,759.43968,A01B80,1625674546,39.12115,-86.90491,
1625678146,38.89244,-86.848847,759.43968,AD8ED7,1625674546,37.88319,-86.74512,
1625678140,38.89239,-86.848852,779.2212,A62F6E,1625674540,38.62295,-86.71301,
1625678148,38.892448,-86.848847,759.1044,A504D0,1625674548,38.28842,-85.86353,
1625678147,38.892441,-86.848847,759.31776,A533CA,1625674547,38.32846,-87.29386,
1625678146,38.89244,-86.848847,759.43968,A842E2,1625674546,39.55051,-86.18810,
1625678148,38.892448,-86.848847,759.1044,A2B081,1625674548,39.42197,-86.02211,
1625678148,38.892448,-86.848847,759.1044,A5D3FB,1625674548,39.13994,-87.22022,
1625678150,38.892466,-86.848841,759.1044,A82A58,1625674550,39.52995,-87.65979,
1625678152,38.892474,-86.848791,759.22632,A64850,1625674552,38.58916,-87.01411,
1625678152,38.892474,-86.848791,759.22632,A63D42,1625674552,38.50587,-85.89844,
1625678152,38.892474,-86.848791,759.22632,ACD1F6,1625674552,38.59698,-87.33552,
1625678152,38.892474,-86.848791,759.22632,A948A2,1625674552,39.47333,-87.85510,
1625678157,38.892508,-86.84863,755.53824,ACDBF4,1625674557,38.26927,-87.24126,
1625678157,38.892508,-86.84863,755.53824,A01B80,1625674557,39.13486,-86.88370,
1625678158,38.892518,-86.848627,753.40464,ACDBF4,1625674558,38.26721,-87.24074,
1625678159,38.892542,-86.848626,747.8268,A389CA,1625674559,38.93495,-87.72034,
1625678159,38.892542,-86.848626,747.8268,A56C21,1625674559,39.25044,-86.95512,
1625678159,38.892542,-86.848626,747.8268,A01B80,1625674559,39.13893,-86.87885,
1625678161,38.892594,-86.848627,737.82936,AA0759,1625674561,39.61102,-86.97774,
1625678161,38.892594,-86.848627,737.82936,A56C21,1625674561,39.24847,-86.95270,
1625678161,38.892594,-86.848627,737.82936,ACD1F6,1625674561,38.57790,-87.33032,
1625678161,38.892594,-86.848627,737.82936,0D0B6A,1625674561,39.21584,-87.44617,
1625678161,38.892594,-86.848627,737.82936,A533CA,1625674561,38.32526,-87.26107,
1625678162,38.892611,-86.848625,732.70872,ACD1F6,1625674562,38.57588,-87.32973,
1625678165,38.892665,-86.848622,724.26576,AA0759,1625674565,39.60902,-86.97717,
1625678165,38.892665,-86.848622,724.26576,A993FC,1625674565,38.58971,-86.87408,
1625678170,38.892704,-86.848642,717.74304,A01B80,1625674570,39.15192,-86.86633,
1625678166,38.892681,-86.84862,722.34552,A56C21,1625674566,39.24638,-86.95013,
1625678166,38.892681,-86.84862,722.34552,A533CA,1625674566,38.32413,-87.25121,
1625678171,38.89271,-86.848669,715.88376,AA0759,1625674571,39.59743,-86.97392,
1625678162,38.892611,-86.848625,732.70872,A51E7D,1625674562,39.50092,-87.62946,
