1625681309,38.891152,-86.849245,1586.91072,A7DF36,1625677709,38.81392,-86.77742,
1625681309,38.891152,-86.849245,1586.91072,AB5346,1625677709,39.00561,-86.55170,
1625681308,38.891152,-86.84923,1588.83096,AD74F2,1625677708,38.89579,-87.28772,
1625681309,38.891152,-86.849245,1586.91072,A7D884,1625677709,39.03177,-86.77789,
1625681310,38.891154,-86.849273,1583.10072,A66223,1625677710,38.80101,-87.34865,
1625681310,38.891154,-86.849273,1583.10072,AAE32E,1625677710,38.75553,-86.43231,
1625681313,38.891158,-86.849349,1572.98136,A2F04B,1625677713,38.56969,-86.40216,
1625681314,38.89116,-86.849379,1568.83608,AB5346,1625677714,39.00212,-86.54877,
1625681313,38.891158,-86.849349,1572.98136,AD74F2,1625677713,38.89370,-87.28717,
1625681313,38.891158,-86.849349,1572.98136,A6CD0F,1625677713,39.15610,-86.65580,
1625681314,38.89116,-86.849379,1568.83608,AD4521,1625677714,38.57486,-86.13428,
1625681315,38.891162,-86.849407,1565.11752,A414FB,1625677715,39.62238,-86.56726,
1625681315,38.891162,-86.849407,1565.11752,A440C0,1625677715,38.85208,-86.51855,
1625681315,38.891162,-86.849407,1565.11752,A7D43C,1625677715,38.25751,-86.44353,
1625681315,38.891162,-86.849407,1565.11752,A97CC1,1625677715,39.35188,-87.09746,
1625681318,38.891166,-86.849482,1554.96768,A39AC7,1625677718,38.32534,-87.14176,
1625681320,38.89117,-86.84954,1547.0124,AB5346,1625677720,38.99858,-86.54480,
1625681320,38.89117,-86.84954,1547.0124,A7D884,1625677720,39.03671,-86.77414,
1625681318,38.891166,-86.849482,1554.96768,AD74F2,1625677718,38.89039,-87.28619,
1625681320,38.89117,-86.84954,1547.0124,AAE6B3,1625677720,38.80334,-86.96658,
1625681320,38.89117,-86.84954,1547.0124,AB3D9A,1625677720,38.57570,-87.35809,
1625681321,38.891171,-86.849553,1545.21408,A7D43C,1625677721,38.25957,-86.43383,
1625681322,38.891173,-86.849581,1541.31264,A66223,1625677722,38.79909,-87.33958,
1625681325,38.891177,-86.849668,1529.88264,A7D884,1625677725,39.03983,-86.77169,
1625681325,38.891177,-86.849668,1529.88264,A2F04B,1625677725,38.58035,-86.36841,
1625681325,38.891177,-86.849668,1529.88264,AB5346,1625677725,38.99499,-86.54041,
1625681326,38.891179,-86.849684,1527.56616,A6CD0F,1625677726,39.14882,-86.66248,
1625681325,38.891177,-86.849668,1529.88264,A2F04B,1625677725,38.58124,-86.36556,
1625681327,38.891181,-86.849715,1523.42088,A39AC7,1625677727,38.30700,-87.13782,
1625681327,38.891181,-86.849715,1523.42088,A440C0,1625677727,38.87163,-86.54065,
1625681328,38.891182,-86.849745,1519.33656,AA1F55,1625677728,38.60447,-86.50812,
1625681328,38.891182,-86.849745,1519.33656,AD74F2,1625677728,38.88811,-87.29077,
1625681330,38.891185,-86.849802,1511.83848,A39AC7,1625677730,38.30192,-87.13669,
1625681330,38.891185,-86.849802,1511.83848,AAE32E,1625677730,38.77829,-86.47864,
1625681329,38.891183,-86.849773,1515.49608,A7D43C,1625677729,38.26203,-86.42246,
1625681331,38.891187,-86.84983,1508.33328,A39AC7,1625677731,38.30099,-87.13648,
1625681330,38.891185,-86.849802,1511.83848,AA63F1,1625677730,39.21460,-86.58660,
1625681332,38.891188,-86.849844,1506.53496,A6CD0F,1625677732,39.14552,-86.66547,
1625681330,38.891185,-86.849802,1511.83848,AA1F55,1625677730,38.60472,-86.50736,
1625681334,38.891192,-86.849899,1499.09784,AB5346,1625677734,38.99075,-86.53495,
1625681333,38.891191,-86.849871,1502.9688,AD74F2,1625677733,38.88913,-87.29390,
1625681334,38.891192,-86.849899,1499.09784,AD4521,1625677734,38.56280,-86.07617,
1625681335,38.891194,-86.849929,1495.1964,A7D884,1625677735,39.04477,-86.76775,
1625681335,38.891194,-86.849929,1495.1964,A7D43C,1625677735,38.26454,-86.41058,
1625681336,38.891196,-86.849958,1491.35592,AD4521,1625677736,38.56123,-86.06881,
1625681338,38.8912,-86.850003,1484.9856,A440C0,1625677738,38.88991,-86.56140,
1625681338,38.8912,-86.850003,1484.9856,A2F04B,1625677738,38.59067,-86.33594,
1625681339,38.891202,-86.850033,1480.84032,AD74F2,1625677739,38.89034,-87.29840,
1625681340,38.891202,-86.850048,1478.8896,A7DF36,1625677740,38.81648,-86.86866,
1625681341,38.891204,-86.850094,1472.51928,A7D43C,1625677741,38.26648,-86.40139,
1625681339,38.891202,-86.850033,1480.84032,AA63F1,1625677739,39.21107,-86.58952,
1625681343,38.891207,-86.850144,1466.11848,A6CD0F,1625677743,39.13959,-86.67096,
1625681344,38.891208,-86.850174,1462.1256,AB5346,1625677744,38.98410,-86.52606,
1625681345,38.891209,-86.850189,1459.8396,AD74F2,1625677745,38.89073,-87.30226,
1625681345,38.891209,-86.850189,1459.8396,A7DF36,1625677745,38.81684,-86.88025,
1625681345,38.891209,-86.850189,1459.8396,A98539,1625677745,39.49334,-87.76160,
1625681347,38.891212,-86.850251,1450.93944,A7D884,1625677747,39.05086,-86.76315,
1625681345,38.891209,-86.850189,1459.8396,AD4521,1625677745,38.55605,-86.04407,
1625681347,38.891212,-86.850251,1450.93944,A7D43C,1625677747,38.26945,-86.38772,
1625681348,38.891214,-86.850281,1446.48936,A440C0,1625677748,38.90636,-86.58008,
1625681350,38.891216,-86.850326,1440.91152,AB5346,1625677750,38.98141,-86.52271,
1625681352,38.89122,-86.850387,1432.65144,A39AC7,1625677752,38.25737,-87.12719,
1625681352,38.89122,-86.850387,1432.65144,A7D43C,1625677752,38.27138,-86.37884,
1625681353,38.891221,-86.850403,1430.63976,A6CD0F,1625677753,39.13349,-86.67657,
1625681353,38.891221,-86.850403,1430.63976,AA1F55,1625677753,38.60977,-86.49060,
1625681355,38.891225,-86.850464,1422.89784,A98539,1625677755,39.49315,-87.73019,
1625681354,38.891223,-86.850434,1426.70784,AD74F2,1625677754,38.89087,-87.30853,
1625681356,38.891227,-86.850494,1418.35632,ABA3EC,1625677756,39.29549,-87.24207,
1625681356,38.891227,-86.850494,1418.35632,AAE6B3,1625677756,38.86176,-87.01458,
1625681356,38.891227,-86.850494,1418.35632,A7D884,1625677756,39.05553,-86.75987,
1625681356,38.891227,-86.850494,1418.35632,ABA3EC,1625677756,39.29581,-87.24164,
1625681357,38.891227,-86.850509,1415.91792,AB3D9A,1625677757,38.50671,-87.40149,
1625681356,38.891227,-86.850494,1418.35632,AD4521,1625677756,38.55047,-86.01776,
1625681358,38.891229,-86.85054,1411.55928,A7D43C,1625677758,38.27204,-86.37571,
1625681358,38.891229,-86.85054,1411.55928,A440C0,1625677758,38.92442,-86.60059,
1625681360,38.891233,-86.8506,1403.604,A82A58,1625677760,39.46385,-87.29026,
1625681360,38.891233,-86.8506,1403.604,AAE32E,1625677760,38.81474,-86.55750,
1625681360,38.891233,-86.8506,1403.604,AD74F2,1625677760,38.89101,-87.31175,
1625681362,38.891237,-86.850663,1395.984,A82A58,1625677762,39.46359,-87.29053,
1625681362,38.891237,-86.850663,1395.984,ABA3EC,1625677762,39.29782,-87.23999,
1625681362,38.891237,-86.850663,1395.984,AB5346,1625677762,38.97304,-86.51632,
1625681362,38.891237,-86.850663,1395.984,A82A58,1625677762,39.46350,-87.29071,
1625681362,38.891237,-86.850663,1395.984,A39AC7,1625677762,38.23613,-87.12263,
1625681360,38.891233,-86.8506,1403.604,AA63F1,1625677760,39.20174,-86.59716,
1625681363,38.891238,-86.850678,1394.0028,A82A58,1625677763,39.46317,-87.29115,
1625681364,38.891239,-86.850709,1389.97944,A6CD0F,1625677764,39.12744,-86.68213,
1625681364,38.891239,-86.850709,1389.97944,A82A58,1625677764,39.46284,-87.29175,
1625681364,38.891239,-86.850709,1389.97944,A414FB,1625677764,39.70541,-86.62117,
1625681356,38.891227,-86.850494,1418.35632,AA1F55,1625677756,38.61081,-86.48838,
1625681367,38.891243,-86.850784,1379.64672,ABA3EC,1625677767,39.30025,-87.23813,
1625681367,38.891243,-86.850784,1379.64672,A7D884,1625677767,39.06194,-86.75562,
1625681366,38.891242,-86.850754,1383.9444,AB5346,1625677766,38.96924,-86.51453,
1625681366,38.891242,-86.850754,1383.9444,A7DF36,1625677766,38.81861,-86.94501,
1625681367,38.891243,-86.850784,1379.64672,AD4521,1625677767,38.54721,-86.00226,
1625681369,38.891247,-86.850842,1371.63048,A97CC1,1625677769,39.35413,-87.09137,
1625681368,38.891245,-86.850813,1375.50144,A7D43C,1625677768,38.27715,-86.35213,
1625681369,38.891247,-86.850842,1371.63048,A440C0,1625677769,38.93974,-86.61798,
1625681369,38.891247,-86.850842,1371.63048,A2F04B,1625677769,38.61594,-86.25569,
1625681370,38.891249,-86.850872,1367.60712,AD74F2,1625677770,38.89109,-87.31842,
1625681370,38.891249,-86.850872,1367.60712,AAE96E,1625677770,38.57914,-87.71338,
1625681372,38.891252,-86.850915,1361.87688,AB5346,1625677772,38.96529,-86.51282,
1625681373,38.891253,-86.850944,1358.31072,A39AC7,1625677773,38.21306,-87.11773,
1625681373,38.891253,-86.850944,1358.31072,AA63F1,1625677773,39.19702,-86.60105,
1625681370,38.891249,-86.850872,1367.60712,A97CC1,1625677770,39.35367,-87.09173,
1625681375,38.891256,-86.851005,1350.17256,A7D43C,1625677775,38.27842,-86.34633,
1625681374,38.891255,-86.850974,1354.47024,A6CD0F,1625677774,39.12138,-86.68768,
1625681375,38.891256,-86.851005,1350.17256,AD74F2,1625677775,38.89101,-87.32214,
1625681377,38.89126,-86.851064,1342.9488,AA1F55,1625677777,38.61658,-86.47590,
1625681378,38.891261,-86.851079,1341.12,ABA3EC,1625677778,39.30492,-87.23461,
1625681377,38.89126,-86.851064,1342.9488,A414FB,1625677777,39.72620,-86.63150,
1625681378,38.891261,-86.851079,1341.12,A7D884,1625677778,39.06738,-86.75189,
1625681379,38.891262,-86.851108,1337.1576,A7DF36,1625677779,38.81949,-86.97913,
1625681378,38.891261,-86.851079,1341.12,AD4521,1625677778,38.54009,-85.96826,
1625681379,38.891262,-86.851108,1337.1576,A7D43C,1625677779,38.28023,-86.33815,
1625681379,38.891262,-86.851108,1337.1576,A440C0,1625677779,38.95912,-86.64003,
1625681380,38.891264,-86.851137,1333.3476,AD74F2,1625677780,38.89105,-87.32578,
1625681373,38.891253,-86.850944,1358.31072,AAE96E,1625677773,38.58063,-87.71088,
1625681382,38.891268,-86.851197,1324.90464,A08E82,1625677782,39.61157,-86.36490,
1625681382,38.891268,-86.851197,1324.90464,AB5346,1625677782,38.95789,-86.50977,
1625681384,38.891271,-86.851244,1318.99152,A4C0F7,1625677784,37.98262,-87.14034,
1625681383,38.891269,-86.851212,1322.95392,A414FB,1625677783,39.73611,-86.63660,
1625681384,38.891271,-86.851244,1318.99152,A39AC7,1625677784,38.19243,-87.11334,
1625681383,38.891269,-86.851212,1322.95392,AA63F1,1625677783,39.19149,-86.60565,
1625681385,38.891273,-86.851275,1314.72432,ABA3EC,1625677785,39.30821,-87.23222,
1625681382,38.891268,-86.851197,1324.90464,A98539,1625677782,39.49259,-87.65546,
1625681385,38.891273,-86.851275,1314.72432,A97CC1,1625677785,39.35353,-87.10146,
1625681385,38.891273,-86.851275,1314.72432,A6CD0F,1625677785,39.11522,-86.69335,
1625681386,38.891275,-86.851306,1310.60952,AAE6B3,1625677786,38.91188,-87.05584,
1625681385,38.891273,-86.851275,1314.72432,AD74F2,1625677785,38.89151,-87.32931,
1625681387,38.891277,-86.851336,1306.068,AB3D9A,1625677787,38.45001,-87.43701,
1625681382,38.891268,-86.851197,1324.90464,AA1F55,1625677782,38.61754,-86.47399,
1625681387,38.891277,-86.851336,1306.068,A08E82,1625677787,39.60745,-86.36741,
1625681389,38.89128,-86.851382,1299.48432,A7D884,1625677789,39.07297,-86.74811,
1625681389,38.89128,-86.851382,1299.48432,A26C12,1625677789,38.12050,-86.60394,
1625681389,38.89128,-86.851382,1299.48432,A7D43C,1625677789,38.28503,-86.31642,
1625681389,38.89128,-86.851382,1299.48432,AD4521,1625677789,38.53455,-85.94220,
1625681385,38.891273,-86.851275,1314.72432,A97CC1,1625677785,39.35353,-87.10146,
1625681391,38.891283,-86.851429,1292.6568,AAE32E,1625677791,38.84854,-86.63019,
1625681391,38.891283,-86.851429,1292.6568,A440C0,1625677791,38.97643,-86.65962,
1625681392,38.891284,-86.85146,1288.35912,AAE96E,1625677792,38.58883,-87.69800,
1625681391,38.891283,-86.851429,1292.6568,AD74F2,1625677791,38.89178,-87.33313,
1625681392,38.891284,-86.85146,1288.35912,A16C64,1625677792,37.75196,-87.87050,
1625681393,38.891285,-86.85149,1284.1224,A6CD0F,1625677793,39.10993,-86.69824,
1625681396,38.89129,-86.851575,1272.90576,A39AC7,1625677796,38.16692,-87.10785,
1625681396,38.89129,-86.851575,1272.90576,A7DF36,1625677796,38.82084,-87.02979,
1625681397,38.891292,-86.851605,1268.97384,AB3D9A,1625677797,38.43311,-87.44765,
1625681397,38.891292,-86.851605,1268.97384,A7D884,1625677797,39.07762,-86.74524,
1625681397,38.891292,-86.851605,1268.97384,AB5346,1625677797,38.94708,-86.50539,
1625681397,38.891292,-86.851605,1268.97384,A6CD0F,1625677797,39.10826,-86.69980,
1625681398,38.891293,-86.851619,1267.02312,AB3D9A,1625677798,38.42957,-87.44983,
1625681398,38.891293,-86.851619,1267.02312,A440C0,1625677798,38.99015,-86.67535,
1625681398,38.891293,-86.851619,1267.02312,AD74F2,1625677798,38.89183,-87.33746,
1625681397,38.891292,-86.851605,1268.97384,A66223,1625677797,38.77821,-87.28405,
1625681399,38.891294,-86.851647,1263.2436,A7DF36,1625677799,38.82106,-87.03805,
1625681399,38.891294,-86.851647,1263.2436,AB5346,1625677799,38.94534,-86.50462,
1625681399,38.891294,-86.851647,1263.2436,A7D43C,1625677799,38.28873,-86.29965,
1625681399,38.891294,-86.851647,1263.2436,A2F04B,1625677799,38.63929,-86.18195,
1625681402,38.891302,-86.851655,1259.31168,A98539,1625677802,39.49217,-87.59570,
1625681402,38.891302,-86.851655,1259.31168,A2F04B,1625677802,38.64245,-86.17206,
1625681403,38.891308,-86.851639,1256.75136,AAE32E,1625677803,38.86391,-86.66308,
1625681403,38.891308,-86.851639,1256.75136,A66223,1625677803,38.77670,-87.28011,
1625681404,38.891317,-86.851612,1252.60608,A26C12,1625677804,38.11958,-86.54223,
1625681405,38.891326,-86.851583,1248.06456,A7D884,1625677805,39.08162,-86.74291,
1625681404,38.891317,-86.851612,1252.60608,A7D43C,1625677804,38.29070,-86.29083,
1625681407,38.891335,-86.85154,1242.39528,A39AC7,1625677807,38.14970,-87.10411,
1625681406,38.891332,-86.851555,1244.37648,A440C0,1625677806,39.00496,-86.69226,
1625681406,38.891332,-86.851555,1244.37648,AD74F2,1625677806,38.89169,-87.34351,
1625681403,38.891308,-86.851639,1256.75136,AA63F1,1625677803,39.18338,-86.61233,
1625681403,38.891308,-86.851639,1256.75136,AD9811,1625677803,37.99828,-86.47386,
1625681408,38.891341,-86.851511,1238.61576,A4C0F7,1625677808,37.98793,-87.07694,
1625681408,38.891341,-86.851511,1238.61576,A6CD0F,1625677808,39.10208,-86.70547,
1625681409,38.891348,-86.851484,1235.17152,A440C0,1625677809,39.00733,-86.69495,
1625681409,38.891348,-86.851484,1235.17152,A2F04B,1625677809,38.64925,-86.15070,
1625681410,38.891356,-86.851457,1232.06256,AB5346,1625677810,38.93746,-86.50110,
1625681411,38.891365,-86.851429,1228.55736,AD74F2,1625677811,38.89174,-87.34603,
1625681414,38.891387,-86.851355,1219.10856,AAE32E,1625677814,38.87686,-86.69085,
1625681413,38.891378,-86.851385,1222.88808,A7D43C,1625677813,38.29424,-86.27420,
1625681413,38.891378,-86.851385,1222.88808,A66223,1625677813,38.77350,-87.27124,
1625681415,38.891396,-86.851325,1215.17664,A7D884,1625677815,39.08720,-86.73921,
1625681417,38.891414,-86.851268,1207.49568,A39AC7,1625677817,38.12354,-87.09853,
1625681417,38.891414,-86.851268,1207.49568,AD74F2,1625677817,38.89169,-87.35077,
1625681416,38.891405,-86.851295,1211.09232,AA63F1,1625677816,39.17734,-86.61723,
1625681419,38.891432,-86.851213,1200.08904,A6CD0F,1625677819,39.09604,-86.71103,
1625681420,38.891436,-86.851198,1198.22976,AB5346,1625677820,38.92996,-86.49763,
1625681420,38.891436,-86.851198,1198.22976,A440C0,1625677820,39.02715,-86.71754,
1625681419,38.891432,-86.851213,1200.08904,A7D43C,1625677819,38.29583,-86.26692,
1625681420,38.891436,-86.851198,1198.22976,A36980,1625677820,38.59069,-85.70093,
1625681421,38.891444,-86.851169,1194.38928,A06ABA,1625677821,39.47722,-86.84943,
1625681422,38.891452,-86.851141,1191.06696,A7D43C,1625677822,38.29722,-86.26017,
1625681423,38.891461,-86.851111,1187.59224,ABA3EC,1625677823,39.31318,-87.21185,
1625681424,38.891465,-86.851096,1185.672,AD74F2,1625677824,38.89174,-87.35480,
1625681420,38.891436,-86.851198,1198.22976,ABB72E,1625677820,39.60223,-86.84185,
1625681425,38.891474,-86.851068,1181.92296,AAE32E,1625677825,38.88863,-86.71616,
1625681424,38.891465,-86.851096,1185.672,A66223,1625677824,38.77213,-87.26715,
1625681426,38.891483,-86.851039,1178.29584,A7D884,1625677826,39.09289,-86.73529,
1625681428,38.891501,-86.850983,1171.25496,A36980,1625677828,38.60033,-85.70715,
1625681427,38.891492,-86.851011,1174.79064,AAE6B3,1625677827,38.97996,-87.11200,
1625681427,38.891492,-86.851011,1174.79064,A414FB,1625677827,39.80808,-86.67584,
1625681429,38.891509,-86.850953,1167.6888,A39AC7,1625677829,38.10091,-87.09370,
1625681429,38.891509,-86.850953,1167.6888,AB3D9A,1625677829,38.37360,-87.48495,
1625681429,38.891509,-86.850953,1167.6888,A7D43C,1625677829,38.29895,-86.25211,
1625681430,38.891513,-86.850938,1165.92096,AC259B,1625677830,38.12740,-85.86102,
1625681429,38.891509,-86.850953,1167.6888,ABA3EC,1625677829,39.31309,-87.20764,
1625681430,38.891513,-86.850938,1165.92096,A26C12,1625677830,38.11865,-86.47321,
1625681430,38.891513,-86.850938,1165.92096,A7DF36,1625677830,38.82322,-87.12164,
1625681430,38.891513,-86.850938,1165.92096,AD74F2,1625677830,38.89174,-87.35889,
1625681430,38.891513,-86.850938,1165.92096,A6CD0F,1625677830,39.08931,-86.71724,
1625681429,38.891509,-86.850953,1167.6888,AA63F1,1625677829,39.17110,-86.62231,
1625681430,38.891513,-86.850938,1165.92096,AAB100,1625677830,38.42821,-85.43888,
1625681431,38.891522,-86.85091,1161.92808,A36980,1625677831,38.60666,-85.71124,
1625681430,38.891513,-86.850938,1165.92096,AA1F55,1625677830,38.63189,-86.43677,
1625681431,38.891522,-86.85091,1161.92808,ABB72E,1625677831,39.60233,-86.84645,
1625681431,38.891522,-86.85091,1161.92808,AB5346,1625677831,38.92251,-86.49384,
1625681431,38.891522,-86.85091,1161.92808,A440C0,1625677831,39.04468,-86.73754,
1625681431,38.891522,-86.85091,1161.92808,AD9811,1625677831,37.99045,-86.40058,
1625681430,38.891513,-86.850938,1165.92096,A66223,1625677830,38.76912,-87.25806,
1625681431,38.891522,-86.85091,1161.92808,A98539,1625677831,39.49146,-87.50676,
1625681433,38.891539,-86.850854,1154.21664,A06ABA,1625677833,39.47965,-86.82361,
1625681434,38.891547,-86.850827,1150.37616,AD4521,1625677834,38.51648,-85.83057,
1625681434,38.891547,-86.850827,1150.37616,A7D884,1625677834,39.09713,-86.73254,
1625681434,38.891547,-86.850827,1150.37616,A414FB,1625677834,39.81958,-86.68392,
1625681434,38.891547,-86.850827,1150.37616,A7D43C,1625677834,38.30146,-86.23999,
1625681433,38.891539,-86.850854,1154.21664,AC259B,1625677833,38.12437,-85.86604,
1625681435,38.891552,-86.850813,1148.334,AD74F2,1625677835,38.89160,-87.36279,
1625681435,38.891552,-86.850813,1148.334,ABA3EC,1625677835,39.31306,-87.20380,
1625681434,38.891547,-86.850827,1150.37616,AA1F55,1625677834,38.63246,-86.43356,
1625681435,38.891552,-86.850813,1148.334,ABB72E,1625677835,39.60228,-86.84967,
1625681439,38.891586,-86.850696,1132.9416,A4C0F7,1625677839,37.99496,-86.99219,
1625681439,38.891586,-86.850696,1132.9416,AD4521,1625677839,38.51639,-85.81958,
1625681439,38.891586,-86.850696,1132.9416,A39AC7,1625677839,38.07779,-87.08874,
1625681439,38.891586,-86.850696,1132.9416,A7D43C,1625677839,38.30304,-86.23253,
1625681439,38.891586,-86.850696,1132.9416,A2F04B,1625677839,38.67416,-86.07263,
1625681440,38.89159,-86.850681,1130.86896,AD74F2,1625677840,38.89146,-87.36615,
1625681440,38.89159,-86.850681,1130.86896,A6CD0F,1625677840,39.08302,-86.72296,
1625681439,38.891586,-86.850696,1132.9416,AA63F1,1625677839,39.16608,-86.62642,
1625681441,38.8916,-86.850651,1126.63224,A97CC1,1625677841,39.34833,-87.09808,
1625681441,38.8916,-86.850651,1126.63224,A36980,1625677841,38.61769,-85.71838,
1625681441,38.8916,-86.850651,1126.63224,ABA3EC,1625677841,39.31323,-87.20148,
1625681441,38.8916,-86.850651,1126.63224,AB5346,1625677841,38.91454,-86.48987,
1625681441,38.8916,-86.850651,1126.63224,A440C0,1625677841,39.06315,-86.75854,
1625681441,38.8916,-86.850651,1126.63224,A414FB,1625677841,39.83093,-86.69222,
1625681442,38.89161,-86.850618,1122.18216,A4C0F7,1625677842,37.99570,-86.98336,
1625681441,38.8916,-86.850651,1126.63224,A66223,1625677841,38.76605,-87.24872,
1625681443,38.891618,-86.850587,1117.88448,A7D43C,1625677843,38.30430,-86.22655,
1625681443,38.891618,-86.850587,1117.88448,AAB100,1625677843,38.45389,-85.44623,
1625681445,38.891634,-86.850538,1111.17888,A2C9EC,1625677845,39.55637,-85.90688,
1625681445,38.891634,-86.850538,1111.17888,ABB72E,1625677845,39.60228,-86.85206,
1625681445,38.891634,-86.850538,1111.17888,A7D884,1625677845,39.10231,-86.72936,
1625681446,38.891639,-86.850523,1109.07576,AD74F2,1625677846,38.89160,-87.36961,
1625681446,38.891639,-86.850523,1109.07576,ABA3EC,1625677846,39.31364,-87.19672,
1625681441,38.8916,-86.850651,1126.63224,AA1F55,1625677841,38.63333,-86.42767,
1625681448,38.891658,-86.850458,1100.66328,AC03EE,1625677848,39.62964,-86.35980,
1625681448,38.891658,-86.850458,1100.66328,A06ABA,1625677848,39.48409,-86.78638,
1625681448,38.891658,-86.850458,1100.66328,A7D43C,1625677848,38.30635,-86.21690,
1625681450,38.891672,-86.850412,1094.44536,AD4521,1625677850,38.51821,-85.79315,
1625681450,38.891672,-86.850412,1094.44536,A39AC7,1625677850,38.05870,-87.08465,
1625681446,38.891639,-86.850523,1109.07576,ABB72E,1625677846,39.60236,-86.85468,
1625681450,38.891672,-86.850412,1094.44536,A6CD0F,1625677850,39.07759,-86.72793,
1625681450,38.891672,-86.850412,1094.44536,AA63F1,1625677850,39.16119,-86.63049,
1625681445,38.891634,-86.850538,1111.17888,A97CC1,1625677845,39.34877,-87.10033,
1625681452,38.891689,-86.850351,1086.73392,A67B77,1625677852,39.77559,-86.68446,
1625681451,38.89168,-86.850382,1090.60488,A2C9EC,1625677851,39.55687,-85.91959,
1625681451,38.89168,-86.850382,1090.60488,AD9811,1625677851,37.98505,-86.35026,
1625681452,38.891689,-86.850351,1086.73392,A36980,1625677852,38.63580,-85.73008,
1625681452,38.891689,-86.850351,1086.73392,AD4521,1625677852,38.51867,-85.78949,
1625681451,38.89168,-86.850382,1090.60488,ABA3EC,1625677851,39.31378,-87.19366,
1625681451,38.89168,-86.850382,1090.60488,A3E5FA,1625677851,37.66155,-87.07328,
1625681452,38.891689,-86.850351,1086.73392,AB5346,1625677852,38.90701,-86.48633,
1625681452,38.891689,-86.850351,1086.73392,A440C0,1625677852,39.08037,-86.77826,
1625681451,38.89168,-86.850382,1090.60488,AD74F2,1625677851,38.89192,-87.37427,
1625681452,38.891689,-86.850351,1086.73392,A414FB,1625677852,39.84588,-86.70239,
1625681453,38.891694,-86.850337,1084.81368,A36980,1625677853,38.64236,-85.73431,
1625681452,38.891689,-86.850351,1086.73392,AA1F55,1625677852,38.63539,-86.41971,
1625681453,38.891694,-86.850337,1084.81368,A793B1,1625677853,40.05194,-86.83276,
1625681453,38.891694,-86.850337,1084.81368,AC03EE,1625677853,39.62448,-86.35546,
1625681453,38.891694,-86.850337,1084.81368,A414FB,1625677853,39.84920,-86.70446,
1625681453,38.891694,-86.850337,1084.81368,A7D43C,1625677853,38.30826,-86.20804,
1625681454,38.891703,-86.850308,1080.69888,AAB100,1625677854,38.47715,-85.45288,
1625681455,38.891711,-86.850279,1076.88888,A7D884,1625677855,39.10807,-86.72571,
1625681455,38.891711,-86.850279,1076.88888,AAE32E,1625677855,38.92358,-86.79126,
1625681457,38.891728,-86.850223,1069.5432,AC259B,1625677857,38.11139,-85.88790,
1625681456,38.89172,-86.850251,1073.13984,ABB72E,1625677856,39.60265,-86.86042,
1625681457,38.891728,-86.850223,1069.5432,A36980,1625677857,38.64939,-85.73895,
1625681457,38.891728,-86.850223,1069.5432,ABA3EC,1625677857,39.31406,-87.18988,
1625681457,38.891728,-86.850223,1069.5432,AAE6B3,1625677857,39.02837,-87.15204,
1625681459,38.891742,-86.850181,1063.81296,ADD376,1625677859,39.33627,-85.74005,
1625681459,38.891742,-86.850181,1063.81296,A4C0F7,1625677859,37.99937,-86.93949,
1625681459,38.891742,-86.850181,1063.81296,AB3D9A,1625677859,38.31743,-87.52013,
1625681459,38.891742,-86.850181,1063.81296,AD74F2,1625677859,38.89221,-87.37860,
1625681459,38.891742,-86.850181,1063.81296,A62F6E,1625677859,38.18904,-86.95309,
1625681460,38.89175,-86.850152,1060.12488,AC03EE,1625677860,39.61889,-86.34839,
1625681459,38.891742,-86.850181,1063.81296,AA1F55,1625677859,38.63589,-86.41816,
1625681460,38.89175,-86.850152,1060.12488,A26C12,1625677860,38.11776,-86.39857,
1625681460,38.89175,-86.850152,1060.12488,A39AC7,1625677860,38.03664,-87.07997,
1625681460,38.89175,-86.850152,1060.12488,A7DF36,1625677860,38.82545,-87.21001,
1625681460,38.89175,-86.850152,1060.12488,AB5346,1625677860,38.90091,-86.48322,
1625681460,38.89175,-86.850152,1060.12488,A7D43C,1625677860,38.31029,-86.19850,
1625681460,38.89175,-86.850152,1060.12488,A90E61,1625677860,37.90018,-87.31372,
1625681461,38.89176,-86.850123,1056.10152,A6CD0F,1625677861,39.07129,-86.73376,
1625681460,38.89175,-86.850152,1060.12488,AA63F1,1625677860,39.15704,-86.63385,
1625681462,38.891769,-86.850093,1052.35248,AAB100,1625677862,38.49190,-85.45709,
1625681462,38.891769,-86.850093,1052.35248,AD4521,1625677862,38.52361,-85.76398,
1625681462,38.891769,-86.850093,1052.35248,ABB72E,1625677862,39.60287,-86.86352,
1625681462,38.891769,-86.850093,1052.35248,A3E5FA,1625677862,37.63842,-87.06725,
1625681462,38.891769,-86.850093,1052.35248,A7D884,1625677862,39.11179,-86.72333,
1625681462,38.891769,-86.850093,1052.35248,A98539,1625677862,39.49068,-87.41931,
1625681462,38.891769,-86.850093,1052.35248,A440C0,1625677862,39.09874,-86.79928,
1625681462,38.891769,-86.850093,1052.35248,ABA3EC,1625677862,39.31540,-87.18708,
1625681466,38.891799,-86.849993,1039.70328,A440C0,1625677866,39.10538,-86.80686,
1625681466,38.891799,-86.849993,1039.70328,A7D884,1625677866,39.11366,-86.72217,
1625681466,38.891799,-86.849993,1039.70328,AAE6B3,1625677866,39.04298,-87.16409,
1625681466,38.891799,-86.849993,1039.70328,AB5346,1625677866,38.89673,-86.48097,
1625681466,38.891799,-86.849993,1039.70328,A2F04B,1625677866,38.69659,-86.00348,
1625681467,38.891808,-86.849963,1035.64944,A3E5FA,1625677867,37.62873,-87.06474,
1625681467,38.891808,-86.849963,1035.64944,A6CD0F,1625677867,39.06802,-86.73670,
1625681467,38.891808,-86.849963,1035.64944,AAE32E,1625677867,38.93747,-86.82113,
1625681467,38.891808,-86.849963,1035.64944,AB5346,1625677867,38.89613,-86.48067,
1625681467,38.891808,-86.849963,1035.64944,AB3D9A,1625677867,38.30239,-87.52957,
1625681467,38.891808,-86.849963,1035.64944,A2F04B,1625677867,38.69827,-85.99823,
1625681468,38.891816,-86.849935,1031.71752,A39AC7,1625677868,38.01828,-87.07602,
1625681468,38.891816,-86.849935,1031.71752,A4C0F7,1625677868,38.00152,-86.91338,
1625681468,38.891816,-86.849935,1031.71752,AA63F1,1625677868,39.15276,-86.63733,
1625681468,38.891816,-86.849935,1031.71752,A440C0,1625677868,39.10774,-86.80957,
1625681468,38.891816,-86.849935,1031.71752,AD74F2,1625677868,38.89211,-87.38562,
1625681470,38.891828,-86.849892,1025.98728,AE510E,1625677870,38.02812,-86.16869,
1625681468,38.891816,-86.849935,1031.71752,AD4521,1625677868,38.52831,-85.74756,
1625681470,38.891828,-86.849892,1025.98728,A4C0F7,1625677870,38.00180,-86.91015,
1625681469,38.89182,-86.84992,1029.82776,ABB72E,1625677869,39.60310,-86.86722,
1625681469,38.89182,-86.84992,1029.82776,A414FB,1625677869,39.87525,-86.71912,
1625681470,38.891828,-86.849892,1025.98728,AA1F55,1625677870,38.64116,-86.40741,
1625681470,38.891828,-86.849892,1025.98728,AAE32E,1625677870,38.94113,-86.82901,
1625681470,38.891828,-86.849892,1025.98728,A2C9EC,1625677870,39.55875,-85.96217,
1625681470,38.891828,-86.849892,1025.98728,A7D43C,1625677870,38.31403,-86.18046,
1625681472,38.891846,-86.849833,1018.30632,AE510E,1625677872,38.02821,-86.16735,
1625681471,38.891837,-86.849863,1022.1468,A36980,1625677871,38.67262,-85.75409,
1625681472,38.891846,-86.849833,1018.30632,AD4521,1625677872,38.52937,-85.74447,
1625681472,38.891846,-86.849833,1018.30632,A98539,1625677872,39.49045,-87.39453,
1625681472,38.891846,-86.849833,1018.30632,A90E61,1625677872,37.89324,-87.29808,
1625681472,38.891846,-86.849833,1018.30632,A7D884,1625677872,39.11631,-86.72046,
1625681472,38.891846,-86.849833,1018.30632,A26C12,1625677872,38.11734,-86.36412,
1625681472,38.891846,-86.849833,1018.30632,AD9811,1625677872,37.97882,-86.29352,
1625681473,38.89185,-86.849819,1016.44704,A39AC7,1625677873,38.01195,-87.07471,
1625681472,38.891846,-86.849833,1018.30632,A06ABA,1625677872,39.49214,-86.72942,
1625681471,38.891837,-86.849863,1022.1468,A08E82,1625677871,39.50986,-86.38860,
1625681473,38.89185,-86.849819,1016.44704,ADD376,1625677873,39.33311,-85.77892,
1625681473,38.89185,-86.849819,1016.44704,A06ABA,1625677873,39.49245,-86.72711,
1625681473,38.89185,-86.849819,1016.44704,AA1F55,1625677873,38.64262,-86.40478,
1625681473,38.89185,-86.849819,1016.44704,A793B1,1625677873,40.04068,-86.77911,
1625681473,38.89185,-86.849819,1016.44704,A414FB,1625677873,39.88358,-86.72327,
1625681473,38.89185,-86.849819,1016.44704,AD74F2,1625677873,38.89252,-87.38931,
1625681475,38.891867,-86.849761,1008.36984,A36980,1625677875,38.67932,-85.75848,
1625681475,38.891867,-86.849761,1008.36984,AA63F1,1625677875,39.14964,-86.63983,
1625681474,38.891859,-86.849789,1012.30176,ABB72E,1625677874,39.60329,-86.87000,
1625681475,38.891867,-86.849761,1008.36984,AC263D,1625677875,39.57355,-85.93011,
1625681474,38.891859,-86.849789,1012.30176,A1B18E,1625677874,39.64801,-85.94957,
1625681475,38.891867,-86.849761,1008.36984,AAB100,1625677875,38.51979,-85.46503,
1625681475,38.891867,-86.849761,1008.36984,A7D43C,1625677875,38.31542,-86.17395,
1625681475,38.891867,-86.849761,1008.36984,AD74F2,1625677875,38.89275,-87.39093,
1625681477,38.891884,-86.849703,1000.56696,AE510E,1625677877,38.02838,-86.16386,
1625681477,38.891884,-86.849703,1000.56696,AA1F55,1625677877,38.64391,-86.40257,
1625681477,38.891884,-86.849703,1000.56696,A7D884,1625677877,39.11971,-86.71863,
1625681477,38.891884,-86.849703,1000.56696,A6CD0F,1625677877,39.06203,-86.74225,
1625681477,38.891884,-86.849703,1000.56696,AB5346,1625677877,38.88853,-86.47679,
1625681478,38.891894,-86.849673,996.51312,A08E82,1625677878,39.50107,-86.38681,
1625681478,38.891894,-86.849673,996.51312,A440C0,1625677878,39.12618,-86.83063,
1625681478,38.891894,-86.849673,996.51312,A2C9EC,1625677878,39.55957,-85.98056,
1625681480,38.891908,-86.849626,990.11232,A98539,1625677880,39.49022,-87.37128,
1625681480,38.891908,-86.849626,990.11232,A2F04B,1625677880,38.70819,-85.96735,
1625681481,38.891918,-86.849596,986.24136,A24B39,1625677881,37.96084,-87.45852,
1625681481,38.891918,-86.849596,986.24136,A3E5FA,1625677881,37.62241,-87.06314,
1625681480,38.891908,-86.849626,990.11232,ABB72E,1625677880,39.60352,-86.87254,
1625681482,38.891923,-86.84958,983.98584,A36980,1625677882,38.69051,-85.76674,
1625681481,38.891918,-86.849596,986.24136,AD4521,1625677881,38.53892,-85.72083,
1625681482,38.891923,-86.84958,983.98584,A2C9EC,1625677882,39.56049,-86.00068,
1625681482,38.891923,-86.84958,983.98584,A7D43C,1625677882,38.31789,-86.16219,
1625681482,38.891923,-86.84958,983.98584,AD9811,1625677882,37.97580,-86.26623,
1625681483,38.891933,-86.849549,979.65768,A66223,1625677883,38.75739,-87.21556,
1625681483,38.891933,-86.849549,979.65768,A39AC7,1625677883,37.98979,-87.06999,
1625681483,38.891933,-86.849549,979.65768,A7D884,1625677883,39.12305,-86.71694,
1625681483,38.891933,-86.849549,979.65768,AA63F1,1625677883,39.14536,-86.64331,
1625681484,38.891942,-86.849519,975.54288,A08E82,1625677884,39.49645,-86.38593,
1625681483,38.891933,-86.849549,979.65768,A414FB,1625677883,39.90053,-86.73145,
1625681484,38.891942,-86.849519,975.54288,AD74F2,1625677884,38.89352,-87.39684,
1625681485,38.891951,-86.849488,971.67192,AAE96E,1625677885,38.63269,-87.63316,
1625681481,38.891918,-86.849596,986.24136,AC03EE,1625677881,39.60992,-86.31588,
1625681485,38.891951,-86.849488,971.67192,AA1F55,1625677885,38.64711,-86.39691,
1625681485,38.891951,-86.849488,971.67192,AB5346,1625677885,38.88262,-86.47357,
1625681486,38.891956,-86.849472,969.44688,ABB72E,1625677886,39.60371,-86.87543,
1625681486,38.891956,-86.849472,969.44688,A793B1,1625677886,40.03496,-86.74231,
1625681488,38.891975,-86.84941,961.27824,A67B77,1625677888,39.73448,-86.65478,
1625681488,38.891975,-86.84941,961.27824,A66223,1625677888,38.75597,-87.21162,
1625681488,38.891975,-86.84941,961.27824,A1E1D8,1625677888,39.49757,-87.48230,
1625681488,38.891975,-86.84941,961.27824,A6CD0F,1625677888,39.05608,-86.74775,
1625681488,38.891975,-86.84941,961.27824,ABA3EC,1625677888,39.31490,-87.18585,
1625681488,38.891975,-86.84941,961.27824,A7D43C,1625677888,38.31944,-86.15467,
1625681489,38.89198,-86.849393,959.23608,ABB72E,1625677889,39.60380,-86.87726,
1625681489,38.89198,-86.849393,959.23608,A440C0,1625677889,39.14359,-86.85052,
1625681486,38.891956,-86.849472,969.44688,AE510E,1625677886,38.02876,-86.15831,
1625681490,38.891989,-86.849363,955.06032,AD74F2,1625677890,38.89360,-87.40088,
1625681491,38.891997,-86.849333,950.76264,AAE96E,1625677891,38.63552,-87.62903,
1625681491,38.891997,-86.849333,950.76264,ADD376,1625677891,39.32929,-85.82526,
1625681488,38.891975,-86.84941,961.27824,AC03EE,1625677888,39.61046,-86.30725,
1625681492,38.892001,-86.849317,948.78144,AA63F1,1625677892,39.14215,-86.64594,
1625681491,38.891997,-86.849333,950.76264,A90E61,1625677891,37.88077,-87.27036,
1625681492,38.892001,-86.849317,948.78144,AB3D9A,1625677892,38.25609,-87.55846,
1625681492,38.892001,-86.849317,948.78144,A36980,1625677892,38.70386,-85.78082,
1625681492,38.892001,-86.849317,948.78144,AD4521,1625677892,38.54970,-85.69915,
1625681492,38.892001,-86.849317,948.78144,A7D884,1625677892,39.12804,-86.71429,
1625681492,38.892001,-86.849317,948.78144,A414FB,1625677892,39.91482,-86.73822,
1625681493,38.892009,-86.849288,944.78856,A66223,1625677893,38.75404,-87.20831,
1625681493,38.892009,-86.849288,944.78856,A39AC7,1625677893,37.97173,-87.06611,
1625681493,38.892009,-86.849288,944.78856,A08E82,1625677893,39.48184,-86.38312,
1625681491,38.891997,-86.849333,950.76264,ABA3EC,1625677891,39.31494,-87.18398,
1625681493,38.892009,-86.849288,944.78856,A7D43C,1625677893,38.32087,-86.14804,
1625681495,38.892026,-86.849232,937.38192,A3C9C5,1625677895,40.06854,-87.56653,
1625681494,38.892018,-86.84926,941.03952,AAE96E,1625677894,38.63722,-87.62659,
1625681494,38.892018,-86.84926,941.03952,AAB100,1625677894,38.55812,-85.47602,
1625681495,38.892026,-86.849232,937.38192,AA1F55,1625677895,38.65082,-86.39022,
1625681495,38.892026,-86.849232,937.38192,ABB72E,1625677895,39.60394,-86.88049,
1625681496,38.892035,-86.849203,933.6024,AB5346,1625677896,38.87489,-86.46912,
1625681496,38.892035,-86.849203,933.6024,A414FB,1625677896,39.91999,-86.74072,
1625681497,38.892044,-86.849174,929.64,AC03EE,1625677897,39.61363,-86.29309,
1625681497,38.892044,-86.849174,929.64,A08E82,1625677897,39.48081,-86.38300,
1625681495,38.892026,-86.849232,937.38192,A90E61,1625677895,37.87886,-87.26614,
1625681497,38.892044,-86.849174,929.64,AAE6B3,1625677897,39.09462,-87.20691,
1625681497,38.892044,-86.849174,929.64,AC263D,1625677897,39.58844,-85.93994,
1625681499,38.892057,-86.849129,923.48304,ADD376,1625677899,39.32775,-85.84430,
1625681497,38.892044,-86.849174,929.64,A1B18E,1625677897,39.61436,-85.98569,
1625681499,38.892057,-86.849129,923.48304,ABB72E,1625677899,39.60399,-86.88257,
1625681499,38.892057,-86.849129,923.48304,A6CD0F,1625677899,39.04976,-86.75360,
1625681499,38.892057,-86.849129,923.48304,AAE6B3,1625677899,39.09606,-87.20819,
1625681499,38.892057,-86.849129,923.48304,A7D43C,1625677899,38.32357,-86.13514,
1625681497,38.892044,-86.849174,929.64,AD74F2,1625677897,38.89334,-87.40532,
1625681499,38.892057,-86.849129,923.48304,A01037,1625677899,39.41564,-88.95380,
1625681499,38.892057,-86.849129,923.48304,A66223,1625677899,38.75075,-87.20559,
1625681499,38.892057,-86.849129,923.48304,A1E1D8,1625677899,39.47639,-87.47697,
1625681499,38.892057,-86.849129,923.48304,ACD2BE,1625677899,39.98968,-87.22489,
1625681499,38.892057,-86.849129,923.48304,A440C0,1625677899,39.16109,-86.87057,
1625681499,38.892057,-86.849129,923.48304,AAE6B3,1625677899,39.09787,-87.20971,
1625681501,38.892074,-86.849071,915.52776,A66223,1625677901,38.74997,-87.20529,
1625681500,38.892066,-86.8491,919.45968,AC263D,1625677900,39.58974,-85.94103,
1625681500,38.892066,-86.8491,919.45968,A4C0F7,1625677900,38.00826,-86.83126,
1625681501,38.892074,-86.849071,915.52776,ACD2BE,1625677901,39.98758,-87.22388,
1625681501,38.892074,-86.849071,915.52776,A7DF36,1625677901,38.82834,-87.32877,
1625681501,38.892074,-86.849071,915.52776,AAE32E,1625677901,38.97565,-86.90353,
1625681501,38.892074,-86.849071,915.52776,AAE6B3,1625677901,39.09960,-87.21130,
1625681501,38.892074,-86.849071,915.52776,A1B18E,1625677901,39.61134,-85.98892,
1625681502,38.892082,-86.849043,911.87016,AAB100,1625677902,38.57723,-85.48157,
1625681501,38.892074,-86.849071,915.52776,AA63F1,1625677901,39.13744,-86.64978,
1625681501,38.892074,-86.849071,915.52776,A7D884,1625677901,39.13279,-86.71149,
1625681502,38.892082,-86.849043,911.87016,A26C12,1625677902,38.11620,-86.28253,
1625681502,38.892082,-86.849043,911.87016,A3C9C5,1625677902,40.04594,-87.56122,
1625681502,38.892082,-86.849043,911.87016,AC03EE,1625677902,39.61734,-86.28184,
1625681502,38.892082,-86.849043,911.87016,A71E9A,1625677902,40.06095,-85.51458,
1625681502,38.892082,-86.849043,911.87016,A36980,1625677902,38.71601,-85.80121,
1625681502,38.892082,-86.849043,911.87016,AD4521,1625677902,38.56087,-85.67730,
1625681502,38.892082,-86.849043,911.87016,A90E61,1625677902,37.87327,-87.25443,
1625681504,38.892095,-86.849001,906.68856,A01037,1625677904,39.41762,-88.94322,
1625681504,38.892095,-86.849001,906.68856,A39AC7,1625677904,37.94467,-87.06034,
1625681504,38.892095,-86.849001,906.68856,A06ABA,1625677904,39.50283,-86.65497,
1625681504,38.892095,-86.849001,906.68856,A08E82,1625677904,39.47154,-86.38138,
1625681504,38.892095,-86.849001,906.68856,A7D43C,1625677904,38.32544,-86.12650,
1625681500,38.892066,-86.8491,919.45968,AAE96E,1625677900,38.63924,-87.62372,
1625681502,38.892082,-86.849043,911.87016,AA1F55,1625677902,38.65139,-86.38916,
1625681506,38.892113,-86.848947,899.34288,A67B77,1625677906,39.71242,-86.63890,
1625681506,38.892113,-86.848947,899.34288,A66223,1625677906,38.74654,-87.20571,
1625681505,38.892104,-86.848975,903.1224,A3E5FA,1625677905,37.55525,-87.04585,
1625681505,38.892104,-86.848975,903.1224,A1E1D8,1625677905,39.46669,-87.47458,
1625681507,38.892122,-86.848919,895.38048,AB5346,1625677907,38.86734,-86.46449,
1625681506,38.892113,-86.848947,899.34288,ABA3EC,1625677906,39.31108,-87.18134,
1625681507,38.892122,-86.848919,895.38048,A414FB,1625677907,39.93716,-86.74930,
1625681508,38.892132,-86.848893,891.29616,A7D43C,1625677908,38.32576,-86.12487,
1625681507,38.892122,-86.848919,895.38048,AD74F2,1625677907,38.89256,-87.41266,
1625681508,38.892132,-86.848893,891.29616,AC03EE,1625677908,39.62123,-86.27074,
1625681508,38.892132,-86.848893,891.29616,ABB72E,1625677908,39.60418,-86.88788,
1625681509,38.892143,-86.848881,886.968,A7D884,1625677909,39.13679,-86.70911,
1625681509,38.892143,-86.848881,886.968,A6CD0F,1625677909,39.04369,-86.75916,
1625681510,38.892148,-86.848877,884.59056,A24B39,1625677910,37.98635,-87.39469,
1625681509,38.892143,-86.848881,886.968,A08E82,1625677909,39.46646,-86.38048,
1625681510,38.892148,-86.848877,884.59056,A440C0,1625677910,39.17957,-86.89178,
1625681511,38.892159,-86.848874,879.9576,AE602B,1625677911,39.46404,-87.25933,
1625681511,38.892159,-86.848874,879.9576,AAE96E,1625677911,38.64501,-87.61456,
1625681503,38.892087,-86.849029,910.10232,AC263D,1625677903,39.59063,-85.94183,
1625681511,38.892159,-86.848874,879.9576,A1B18E,1625677911,39.59633,-86.00480,
1625681511,38.892159,-86.848874,879.9576,A98539,1625677911,39.48961,-87.28259,
1625681511,38.892159,-86.848874,879.9576,ACD2BE,1625677911,39.97147,-87.21661,
1625681510,38.892148,-86.848877,884.59056,AAE6B3,1625677910,39.11563,-87.22739,
1625681510,38.892148,-86.848877,884.59056,A2F04B,1625677910,38.73425,-85.88611,
1625681512,38.892171,-86.848872,875.05032,A67B77,1625677912,39.70670,-86.63478,
1625681512,38.892171,-86.848872,875.05032,AC259B,1625677912,38.06447,-85.96521,
1625681511,38.892159,-86.848874,879.9576,A66223,1625677911,38.74431,-87.20880,
1625681512,38.892171,-86.848872,875.05032,AA63F1,1625677912,39.13246,-86.65381,
1625681510,38.892148,-86.848877,884.59056,ABA3EC,1625677910,39.31146,-87.18298,
1625681510,38.892148,-86.848877,884.59056,A4C4BB,1625677910,38.07541,-86.31742,
1625681512,38.892171,-86.848872,875.05032,A36980,1625677912,38.72308,-85.82172,
1625681513,38.892184,-86.848871,869.92968,AD4521,1625677913,38.57020,-85.65887,
1625681512,38.892171,-86.848872,875.05032,A2C9EC,1625677912,39.56419,-86.07758,
1625681511,38.892159,-86.848874,879.9576,A7D43C,1625677911,38.32809,-86.11394,
1625681514,38.892196,-86.84887,865.35768,AE602B,1625677914,39.46405,-87.25720,
1625681514,38.892196,-86.84887,865.35768,A38A24,1625677914,40.08755,-86.98444,
1625681514,38.892196,-86.84887,865.35768,AD9811,1625677914,37.96898,-86.20516,
1625681514,38.892196,-86.84887,865.35768,AC03EE,1625677914,39.62434,-86.26095,
1625681514,38.892196,-86.84887,865.35768,A39AC7,1625677914,37.92595,-87.05631,
1625681510,38.892148,-86.848877,884.59056,A90E61,1625677910,37.86713,-87.24430,
1625681514,38.892196,-86.84887,865.35768,A440C0,1625677914,39.18544,-86.89851,
1625681514,38.892196,-86.84887,865.35768,AD74F2,1625677914,38.89165,-87.41696,
1625681505,38.892104,-86.848975,903.1224,A5A665,1625677905,40.56226,-85.91296,
1625681515,38.892207,-86.848869,861.02952,ADD376,1625677915,39.32405,-85.88926,
1625681515,38.892207,-86.848869,861.02952,A08E82,1625677915,39.45465,-86.37845,
1625681515,38.892207,-86.848869,861.02952,A7D884,1625677915,39.14000,-86.70709,
1625681517,38.892224,-86.848867,854.01912,AAE96E,1625677917,38.64583,-87.61310,
1625681517,38.892224,-86.848867,854.01912,AC259B,1625677917,38.06177,-85.96889,
1625681515,38.892207,-86.848869,861.02952,A66223,1625677915,38.74389,-87.21027,
1625681514,38.892196,-86.84887,865.35768,A3E5FA,1625677914,37.53521,-87.04068,
1625681517,38.892224,-86.848867,854.01912,AB5346,1625677917,38.85992,-86.46001,
1625681516,38.892213,-86.848868,858.71304,A793B1,1625677916,40.02310,-86.66496,
1625681517,38.892224,-86.848867,854.01912,A414FB,1625677917,39.95599,-86.75891,
1625681518,38.892236,-86.848866,849.11184,A7D43C,1625677918,38.32961,-86.10669,
1625681517,38.892224,-86.848867,854.01912,AC03EE,1625677917,39.62531,-86.25760,
1625681518,38.892236,-86.848866,849.11184,A98539,1625677918,39.49004,-87.26028,
1625681516,38.892213,-86.848868,858.71304,ABB72E,1625677916,39.60422,-86.89209,
1625681520,38.892252,-86.848865,841.82712,A6CD0F,1625677920,39.03731,-86.76501,
1625681518,38.892236,-86.848866,849.11184,AD74F2,1625677918,38.89174,-87.42078,
1625681520,38.892252,-86.848865,841.82712,AE602B,1625677920,39.46405,-87.25250,
1625681520,38.892252,-86.848865,841.82712,A71E9A,1625677920,40.05843,-85.50072,
1625681520,38.892252,-86.848865,841.82712,A7D884,1625677920,39.14278,-86.70512,
1625681521,38.892263,-86.848864,837.2856,ACD2BE,1625677921,39.96319,-87.21278,
1625681522,38.892274,-86.848863,832.65264,AAE6B3,1625677922,39.13135,-87.24573,
1625681522,38.892274,-86.848863,832.65264,AB3D9A,1625677922,38.20021,-87.59334,
1625681523,38.892285,-86.848863,827.8368,AA63F1,1625677923,39.12758,-86.65771,
1625681523,38.892285,-86.848863,827.8368,A08E82,1625677923,39.44469,-86.37671,
1625681522,38.892274,-86.848863,832.65264,AB5346,1625677922,38.85590,-86.45792,
1625681513,38.892184,-86.848871,869.92968,A4C4BB,1625677913,38.07456,-86.32280,
1625681524,38.892296,-86.848862,823.05144,A36980,1625677924,38.72653,-85.84747,
1625681524,38.892296,-86.848862,823.05144,AD4521,1625677924,38.58217,-85.63501,
1625681524,38.892296,-86.848862,823.05144,ABA3EC,1625677924,39.31579,-87.17908,
1625681524,38.892296,-86.848862,823.05144,A7D43C,1625677924,38.33226,-86.09454,
1625681525,38.892307,-86.848861,818.41848,AC03EE,1625677925,39.62956,-86.24226,
1625681525,38.892307,-86.848861,818.41848,A39AC7,1625677925,37.90130,-87.05107,
1625681524,38.892296,-86.848862,823.05144,ABB72E,1625677924,39.60434,-86.89499,
1625681524,38.892296,-86.848862,823.05144,A440C0,1625677924,39.20373,-86.91943,
1625681524,38.892296,-86.848862,823.05144,AD74F2,1625677924,38.89188,-87.42480,
1625681525,38.892307,-86.848861,818.41848,A3E5FA,1625677925,37.50998,-87.03416,
1625681525,38.892307,-86.848861,818.41848,A90E61,1625677925,37.85460,-87.22733,
1625681527,38.892324,-86.848858,811.92624,A7D884,1625677927,39.14580,-86.70243,
1625681528,38.892334,-86.848857,807.65904,AE602B,1625677928,39.46401,-87.24774,
1625681528,38.892334,-86.848857,807.65904,ACC9B4,1625677928,39.42416,-85.84882,
1625681527,38.892324,-86.848858,811.92624,A414FB,1625677927,39.96975,-86.76609,
1625681529,38.892339,-86.848857,805.7388,AAB100,1625677929,38.62393,-85.49500,
1625681529,38.892339,-86.848857,805.7388,AB5346,1625677929,38.85150,-86.45619,
1625681529,38.892339,-86.848857,805.7388,A8EBCA,1625677929,40.10387,-85.37313,
1625681530,38.892349,-86.848856,801.68496,A6CD0F,1625677930,39.03117,-86.77062,
1625681528,38.892334,-86.848857,807.65904,ABA3EC,1625677928,39.31627,-87.17616,
1625681530,38.892349,-86.848856,801.68496,A7D43C,1625677930,38.33427,-86.08513,
1625681531,38.89236,-86.848855,797.38728,AC03EE,1625677931,39.63127,-86.23590,
1625681531,38.89236,-86.848855,797.38728,A4C0F7,1625677931,38.01498,-86.74816,
1625681531,38.89236,-86.848855,797.38728,A7DF36,1625677931,38.83035,-87.41487,
1625681531,38.89236,-86.848855,797.38728,AAE32E,1625677931,39.00980,-86.97736,
1625681531,38.89236,-86.848855,797.38728,AD74F2,1625677931,38.89156,-87.42902,
1625681532,38.892371,-86.848853,792.87624,ACD2BE,1625677932,39.92930,-87.19743,
1625681532,38.892371,-86.848853,792.87624,A90E61,1625677932,37.84837,-87.21921,
1625681531,38.89236,-86.848855,797.38728,A7D884,1625677931,39.14790,-86.69932,
1625681532,38.892371,-86.848853,792.87624,A26C12,1625677932,38.11496,-86.20335,
1625681532,38.892371,-86.848853,792.87624,AAE6B3,1625677932,39.14624,-87.26355,
1625681532,38.892371,-86.848853,792.87624,A793B1,1625677932,40.02118,-86.65204,
1625681532,38.892371,-86.848853,792.87624,AA63F1,1625677932,39.12283,-86.66156,
1625681536,38.892406,-86.848851,777.72768,AAE6B3,1625677936,39.15164,-87.27002,
1625681536,38.892406,-86.848851,777.72768,AAE32E,1625677936,39.01543,-86.98950,
1625681535,38.892396,-86.848853,781.9644,A2C9EC,1625677935,39.56717,-86.14050,
1625681536,38.892406,-86.848851,777.72768,A1E1D8,1625677936,39.40805,-87.46001,
1625681535,38.892396,-86.848853,781.9644,AB5346,1625677935,38.84631,-86.45441,
1625681536,38.892406,-86.848851,777.72768,A08E82,1625677936,39.42635,-86.37360,
1625681536,38.892406,-86.848851,777.72768,A6CD0F,1625677936,39.02701,-86.77444,
1625681536,38.892406,-86.848851,777.72768,AB3D9A,1625677936,38.17140,-87.61129,
1625681537,38.892416,-86.84885,773.24712,A440C0,1625677937,39.22482,-86.94366,
1625681538,38.892421,-86.84885,770.93064,A4C0F7,1625677938,38.01695,-86.72420,
1625681538,38.892421,-86.84885,770.93064,A2F04B,1625677938,38.75839,-85.81098,
1625681538,38.892421,-86.84885,770.93064,A26C12,1625677938,38.11459,-86.18453,
1625681538,38.892421,-86.84885,770.93064,ADD376,1625677938,39.31867,-85.95422,
1625681538,38.892421,-86.84885,770.93064,A2C9EC,1625677938,39.56754,-86.14780,
1625681536,38.892406,-86.848851,777.72768,A7D884,1625677936,39.14964,-86.69628,
1625681540,38.892442,-86.848848,762.12192,A1E1D8,1625677940,39.40260,-87.45870,
1625681540,38.892442,-86.848848,762.12192,A4C0F7,1625677940,38.01741,-86.71877,
1625681542,38.892462,-86.848846,753.09984,A98539,1625677942,39.49278,-87.19653,
1625681541,38.892452,-86.848846,757.61088,ADD376,1625677941,39.31797,-85.96252,
1625681538,38.892421,-86.84885,770.93064,A5AA28,1625677938,39.33036,-87.35297,
1625681541,38.892452,-86.848846,757.61088,A39AC7,1625677941,37.86942,-87.04433,
1625681542,38.892462,-86.848846,753.09984,AB5346,1625677942,38.84277,-86.45343,
1625681543,38.892468,-86.848845,749.68608,A2F04B,1625677943,38.76098,-85.80286,
1625681543,38.892468,-86.848845,749.68608,AAE32E,1625677943,39.02358,-87.00708,
1625681544,38.892468,-86.848845,749.25936,A7DF36,1625677944,38.83118,-87.45135,
1625681536,38.892406,-86.848851,777.72768,AA63F1,1625677936,39.12115,-86.66296,
1625681547,38.89247,-86.848845,749.13744,AAE6B3,1625677947,39.16750,-87.28924,
1625681547,38.89247,-86.848845,749.13744,ACC9B4,1625677947,39.41936,-85.89935,
1625681545,38.892469,-86.848845,749.16792,A1E1D8,1625677945,39.39047,-87.45565,
1625681547,38.89247,-86.848845,749.13744,A36980,1625677947,38.72727,-85.89740,
1625681547,38.89247,-86.848845,749.13744,A6CD0F,1625677947,39.02074,-86.78015,
1625681547,38.89247,-86.848845,749.13744,A39AC7,1625677947,37.85754,-87.04175,
1625681547,38.89247,-86.848845,749.13744,A440C0,1625677947,39.24147,-86.96282,
1625681547,38.89247,-86.848845,749.13744,AB5346,1625677947,38.83765,-86.45270,
1625681549,38.89247,-86.848845,749.32032,A2F04B,1625677949,38.76732,-85.78322,
1625681549,38.89247,-86.848845,749.32032,ACD2BE,1625677949,39.89214,-87.18051,
1625681551,38.892471,-86.848846,749.68608,A6CD0F,1625677951,39.01860,-86.78210,
1625681551,38.892471,-86.848846,749.68608,A2C9EC,1625677951,39.56917,-86.18134,
1625681552,38.892472,-86.848847,749.808,A6CD0F,1625677952,39.01808,-86.78262,
1625681553,38.892472,-86.848846,749.77752,AB5346,1625677953,38.83313,-86.45264,
1625681555,38.892471,-86.848846,749.86896,A6CD0F,1625677955,39.01680,-86.78381,
1625681557,38.892471,-86.848846,749.9604,AAE6B3,1625677957,39.18199,-87.30688,
1625681558,38.892471,-86.848846,748.31448,A440C0,1625677958,39.25773,-86.98157,
1625681559,38.892473,-86.848845,746.48568,AB5346,1625677959,38.82899,-86.45306,
1625681560,38.892477,-86.848845,745.81512,ACD2BE,1625677960,39.86838,-87.16971,
1625681561,38.892493,-86.848844,743.98632,A98539,1625677961,39.49585,-87.14367,
1625681561,38.892493,-86.848844,743.98632,AB3D9A,1625677961,38.12604,-87.63952,
1625681559,38.892473,-86.848845,746.48568,A39ADA,1625677959,38.39397,-88.11620,
1625681564,38.892586,-86.848814,739.14,A6CD0F,1625677964,39.01080,-86.78978,
1625681566,38.892622,-86.848769,736.67112,AAE6B3,1625677966,39.19717,-87.32532,
1625681540,38.892442,-86.848848,762.12192,A793B1,1625677940,40.01002,-86.59480,
1625681568,38.892621,-86.848745,733.07448,A440C0,1625677968,39.27562,-87.00217,
1625681558,38.892471,-86.848846,748.31448,A26C12,1625677958,38.11441,-86.17401,
1625681563,38.892544,-86.848837,741.06024,AB5346,1625677963,38.82559,-86.45363,
1625681565,38.892603,-86.848799,738.31704,A4C0F7,1625677965,38.02149,-86.66810,
1625681572,38.892622,-86.848725,727.28328,A98539,1625677972,39.49535,-87.11573,
1625681566,38.892622,-86.848769,736.67112,A1B18E,1625677966,39.51959,-86.08655,
1625681564,38.892586,-86.848814,739.14,ADD376,1625677964,39.31306,-86.02080,
1625681573,38.892626,-86.84872,725.24112,AAE32E,1625677973,39.05717,-87.07991,
1625681575,38.892641,-86.84871,722.10168,A7DF36,1625677975,38.83318,-87.54095,
1625681575,38.892641,-86.84871,722.10168,A6CD0F,1625677975,39.00494,-86.79617,
1625681573,38.892626,-86.84872,725.24112,AB5346,1625677973,38.82010,-86.45446,
1625681566,38.892622,-86.848769,736.67112,ACC9B4,1625677966,39.41432,-85.95237,
1625681575,38.892641,-86.84871,722.10168,A1E1D8,1625677975,39.32961,-87.44061,
1625681573,38.892626,-86.84872,725.24112,A36980,1625677973,38.72813,-85.90855,
1625681577,38.892655,-86.848713,719.75472,AAE6B3,1625677977,39.21309,-87.34460,
1625681561,38.892493,-86.848844,743.98632,A39AC7,1625677961,37.83156,-87.03626,
1625681579,38.89267,-86.848723,716.5848,A440C0,1625677979,39.29288,-87.02197,
1625681561,38.892493,-86.848844,743.98632,A2F04B,1625677961,38.77750,-85.75159,
1625681578,38.892663,-86.848717,718.23072,AB5346,1625677978,38.81630,-86.45476,
1625681564,38.892586,-86.848814,739.14,A2C9EC,1625677964,39.57024,-86.20197,
1625681575,38.892641,-86.84871,722.10168,AB3D9A,1625677975,38.09967,-87.65588,
