1625680999,38.891141,-86.849036,1603.4004,A6CD0F,1625677399,39.32617,-86.52228,
1625680999,38.891141,-86.849036,1603.4004,A7D884,1625677399,38.96418,-86.95685,
1625681000,38.891141,-86.849036,1613.3064,ABEE1B,1625677400,38.15085,-86.33758,
1625681001,38.891141,-86.849036,1619.61576,AD4521,1625677401,38.69275,-86.92216,
1625681002,38.891142,-86.849036,1621.17024,AA1F55,1625677402,38.50401,-86.72125,
1625681003,38.891142,-86.849037,1622.1456,AB5346,1625677403,39.19441,-86.75264,
1625681004,38.891142,-86.849037,1622.08464,AAE9AF,1625677404,38.55409,-87.46258,
1625681004,38.891142,-86.849037,1622.08464,ABA3EC,1625677404,39.26120,-87.36089,
1625681004,38.891142,-86.849037,1622.08464,A6CD0F,1625677404,39.32373,-86.52348,
1625681004,38.891142,-86.849037,1622.08464,A7D884,1625677404,38.96297,-86.95577,
1625681006,38.891141,-86.849036,1621.59696,AAE9AF,1625677406,38.55441,-87.46305,
1625681006,38.891141,-86.849036,1621.59696,A7D43C,1625677406,38.30466,-87.09499,
1625681006,38.891141,-86.849036,1621.59696,AD74F2,1625677406,39.02921,-87.27722,
1625681008,38.891142,-86.849037,1621.32264,AB6162,1625677408,39.30785,-88.37277,
1625681008,38.891142,-86.849037,1621.32264,ABEE1B,1625677408,38.15016,-86.32566,
1625681008,38.891142,-86.849037,1621.32264,AA1F55,1625677408,38.50612,-86.71718,
1625681009,38.891142,-86.849038,1620.98736,AB5346,1625677409,39.19126,-86.74860,
1625681009,38.891142,-86.849038,1620.98736,A440C0,1625677409,38.38814,-85.92903,
1625681010,38.891141,-86.849037,1620.71304,AD20F4,1625677410,39.56126,-86.32782,
1625681010,38.891141,-86.849037,1620.71304,ABA3EC,1625677410,39.26042,-87.36256,
1625681007,38.891142,-86.849037,1621.35312,A20E38,1625677407,38.35629,-87.23647,
1625681010,38.891141,-86.849037,1620.71304,A6CD0F,1625677410,39.32002,-86.52533,
1625681010,38.891141,-86.849037,1620.71304,A7D884,1625677410,38.96109,-86.95482,
1625681010,38.891141,-86.849037,1620.71304,A895EB,1625677410,39.45850,-86.38203,
1625681011,38.891141,-86.849037,1620.40824,A7DF36,1625677411,38.78681,-85.93085,
1625681011,38.891141,-86.849037,1620.40824,A39AC7,1625677411,38.95212,-87.27790,
1625681012,38.891141,-86.849037,1620.3168,AB3D9A,1625677412,39.14255,-86.99763,
1625681012,38.891141,-86.849037,1620.3168,AD74F2,1625677412,39.02884,-87.27277,
1625681013,38.891141,-86.849037,1620.22536,AAE6B3,1625677413,38.27697,-86.53853,
1625681012,38.891141,-86.849037,1620.3168,AA1F55,1625677412,38.50717,-86.71348,
1625681015,38.891141,-86.849037,1619.95104,ABA3EC,1625677415,39.26011,-87.36322,
1625681015,38.891141,-86.849037,1619.95104,A6CD0F,1625677415,39.31783,-86.52643,
1625681015,38.891141,-86.849037,1619.95104,A7D884,1625677415,38.95952,-86.95441,
1625681016,38.891141,-86.849037,1619.89008,A7D43C,1625677416,38.29890,-87.04957,
1625681017,38.891141,-86.849036,1619.64624,AAE6B3,1625677417,38.29637,-86.55421,
1625681017,38.891141,-86.849036,1619.64624,AD4521,1625677417,38.68968,-86.88167,
1625681019,38.891142,-86.849037,1619.43288,AA1F55,1625677419,38.50759,-86.71155,
1625681019,38.891142,-86.849037,1619.43288,AB5346,1625677419,39.18439,-86.73981,
1625681019,38.891142,-86.849037,1619.43288,AD74F2,1625677419,39.02767,-87.26782,
1625681017,38.891141,-86.849036,1619.64624,A440C0,1625677417,38.40706,-85.95119,
1625681020,38.891142,-86.849037,1619.25,ABA3EC,1625677420,39.25882,-87.36579,
1625681022,38.891141,-86.849038,1618.9452,ABF78F,1625677422,38.41763,-86.58486,
1625681022,38.891141,-86.849038,1618.9452,A6CD0F,1625677422,39.31364,-86.52850,
1625681022,38.891141,-86.849038,1618.9452,A3E5FA,1625677422,38.53683,-87.30381,
1625681022,38.891141,-86.849038,1618.9452,A7D884,1625677422,38.95780,-86.95325,
1625681022,38.891141,-86.849038,1618.9452,AB68DD,1625677422,39.44259,-87.23468,
1625681024,38.891141,-86.849037,1619.03664,A7DF36,1625677424,38.78830,-85.97302,
1625681024,38.891141,-86.849037,1619.03664,AA1F55,1625677424,38.50882,-86.70547,
1625681024,38.891141,-86.849037,1619.03664,A16C64,1625677424,38.34677,-87.36965,
1625681026,38.891141,-86.849037,1619.03664,AD74F2,1625677426,39.02477,-87.26667,
1625681026,38.891141,-86.849037,1619.03664,ABA3EC,1625677426,39.25792,-87.36761,
1625681026,38.891141,-86.849037,1619.03664,A6CD0F,1625677426,39.31080,-86.52991,
1625681027,38.891141,-86.849037,1619.15856,A7D884,1625677427,38.95638,-86.95165,
1625681030,38.891141,-86.849037,1619.06712,AB6162,1625677430,39.30785,-88.37277,
1625681030,38.891141,-86.849037,1619.06712,AB5346,1625677430,39.17841,-86.73224,
1625681030,38.891141,-86.849037,1619.06712,C01E10,1625677430,38.48124,-87.80859,
1625681031,38.891142,-86.849037,1619.15856,AD74F2,1625677431,39.02243,-87.26566,
1625681030,38.891141,-86.849037,1619.06712,A440C0,1625677430,38.43068,-85.97882,
1625681031,38.891142,-86.849037,1619.15856,A7D43C,1625677431,38.29541,-87.02187,
1625681032,38.891142,-86.849037,1619.12808,ABA3EC,1625677432,39.25708,-87.36926,
1625681032,38.891142,-86.849037,1619.12808,A6CD0F,1625677432,39.30734,-86.53166,
1625681031,38.891142,-86.849037,1619.15856,AB5346,1625677431,39.17841,-86.73224,
1625681032,38.891142,-86.849037,1619.12808,A7D884,1625677432,38.95546,-86.95010,
1625681032,38.891142,-86.849037,1619.12808,AA1F55,1625677432,38.50997,-86.69855,
1625681037,38.891141,-86.849037,1619.18904,AD74F2,1625677437,39.01981,-87.26398,
1625681038,38.891141,-86.849037,1619.18904,ABA3EC,1625677438,39.25648,-87.37033,
1625681038,38.891141,-86.849037,1619.18904,A6CD0F,1625677438,39.30447,-86.53308,
1625681038,38.891141,-86.849037,1619.18904,A7D884,1625677438,38.95464,-86.94753,
1625681038,38.891141,-86.849037,1619.18904,AAE9AF,1625677438,38.56895,-87.48547,
1625681036,38.891141,-86.849037,1619.15856,ABEE1B,1625677436,38.14630,-86.26089,
1625681040,38.891141,-86.849037,1619.25,AD20F4,1625677440,39.54841,-86.29858,
1625681040,38.891141,-86.849037,1619.25,A895EB,1625677440,39.46764,-86.29889,
1625681042,38.891141,-86.849037,1619.28048,AD74F2,1625677442,39.01725,-87.26349,
1625681042,38.891141,-86.849037,1619.28048,A39AC7,1625677442,38.89044,-87.26428,
1625681044,38.891141,-86.849036,1619.25,AA1F55,1625677444,38.51216,-86.68989,
1625681044,38.891141,-86.849036,1619.25,AD4521,1625677444,38.68437,-86.81188,
1625681044,38.891141,-86.849036,1619.25,A7D884,1625677444,38.95432,-86.94473,
1625681045,38.891141,-86.849036,1619.28048,A3E5FA,1625677445,38.48694,-87.29056,
1625681045,38.891141,-86.849036,1619.28048,A39AC7,1625677445,38.88285,-87.26263,
1625681044,38.891141,-86.849036,1619.25,A6CD0F,1625677444,39.30089,-86.53489,
1625681047,38.891142,-86.849037,1619.18904,A7D884,1625677447,38.95431,-86.94348,
1625681047,38.891142,-86.849037,1619.18904,A7DF36,1625677447,38.79039,-86.03214,
1625681047,38.891142,-86.849037,1619.18904,AD4521,1625677447,38.68373,-86.80358,
1625681047,38.891142,-86.849037,1619.18904,AD74F2,1625677447,39.01506,-87.26434,
1625681050,38.891142,-86.849037,1619.31096,AA1F55,1625677450,38.51312,-86.68685,
1625681049,38.891142,-86.849037,1619.28048,A7D43C,1625677449,38.28963,-86.97619,
1625681049,38.891142,-86.849037,1619.28048,AD74F2,1625677449,39.01389,-87.26593,
1625681051,38.891142,-86.849037,1619.28048,AA1F55,1625677451,38.51363,-86.68505,
1625681051,38.891142,-86.849037,1619.28048,A3E5FA,1625677451,38.47463,-87.28729,
1625681051,38.891142,-86.849037,1619.28048,AB3D9A,1625677451,39.07250,-87.04272,
1625681051,38.891142,-86.849037,1619.28048,AB5346,1625677451,39.16626,-86.71753,
1625681051,38.891142,-86.849037,1619.28048,A6CD0F,1625677451,39.29677,-86.53692,
1625681052,38.891142,-86.849037,1619.34144,A7DF36,1625677452,38.79108,-86.05155,
1625681051,38.891142,-86.849037,1619.28048,A7D884,1625677451,38.95449,-86.94073,
1625681051,38.891142,-86.849037,1619.28048,AB5346,1625677451,39.16528,-86.71637,
1625681053,38.891142,-86.849037,1619.25,A24B40,1625677453,38.70872,-85.64237,
1625681055,38.891142,-86.849037,1619.18904,A7DF36,1625677455,38.79135,-86.05955,
1625681055,38.891142,-86.849037,1619.18904,AD4521,1625677455,38.68204,-86.78172,
1625681053,38.891142,-86.849037,1619.25,ABF78F,1625677453,38.35460,-86.55468,
1625681057,38.891141,-86.849037,1619.03664,A3E5FA,1625677457,38.46448,-87.28461,
1625681057,38.891141,-86.849037,1619.03664,A6CD0F,1625677457,39.29353,-86.53851,
1625681056,38.891141,-86.849037,1619.12808,AD74F2,1625677456,39.01112,-87.26876,
1625681057,38.891141,-86.849037,1619.03664,AA1F55,1625677457,38.51411,-86.68341,
1625681057,38.891141,-86.849037,1619.03664,ABF78F,1625677457,38.34865,-86.55181,
1625681057,38.891141,-86.849037,1619.03664,A7D884,1625677457,38.95501,-86.93774,
1625681057,38.891141,-86.849037,1619.03664,A6CD0F,1625677457,39.29353,-86.53851,
1625681062,38.891141,-86.849037,1619.34144,AD74F2,1625677462,39.00829,-87.26960,
1625681062,38.891141,-86.849037,1619.34144,AA1F55,1625677462,38.51658,-86.67694,
1625681063,38.891141,-86.849036,1619.15856,AB5346,1625677463,39.15894,-86.70888,
1625681063,38.891141,-86.849036,1619.15856,A6CD0F,1625677463,39.29041,-86.54010,
1625681065,38.891141,-86.849036,1619.4024,ABA3EC,1625677465,39.25131,-87.36743,
1625681065,38.891141,-86.849036,1619.4024,C01E10,1625677465,38.42239,-87.85719,
1625681067,38.891141,-86.849036,1619.37192,A6CD0F,1625677467,39.28837,-86.54114,
1625681066,38.891141,-86.849036,1619.37192,AD74F2,1625677466,39.00579,-87.26959,
1625681069,38.891141,-86.849037,1619.4024,AA1F55,1625677469,38.51844,-86.67279,
1625681069,38.891141,-86.849037,1619.4024,A7D884,1625677469,38.95608,-86.93201,
1625681069,38.891141,-86.849037,1619.4024,A7D43C,1625677469,38.28419,-86.93326,
1625681070,38.891142,-86.849038,1619.43288,ABA3EC,1625677470,39.25373,-87.36383,
1625681072,38.891142,-86.849038,1619.4024,AD74F2,1625677472,39.00266,-87.26858,
1625681073,38.891142,-86.849037,1619.15856,AA1F55,1625677473,38.51979,-86.66913,
1625681074,38.891142,-86.849037,1619.00616,AB5346,1625677474,39.15215,-86.70068,
1625681076,38.891142,-86.849037,1618.51848,A39AC7,1625677476,38.81841,-87.24852,
1625681077,38.891141,-86.849037,1618.45752,A440C0,1625677477,38.49190,-86.05444,
1625681077,38.891141,-86.849037,1618.45752,C01E10,1625677477,38.39877,-87.87666,
1625681078,38.891141,-86.849036,1618.36608,A7D884,1625677478,38.95711,-86.92628,
1625681078,38.891141,-86.849036,1618.36608,A6CD0F,1625677478,39.28143,-86.54456,
1625681078,38.891141,-86.849036,1618.36608,AD74F2,1625677478,39.00021,-87.26825,
1625681078,38.891141,-86.849036,1618.36608,ABA3EC,1625677478,39.25671,-87.36047,
1625681078,38.891141,-86.849036,1618.36608,AA1F55,1625677478,38.52077,-86.66595,
1625681079,38.891141,-86.849037,1618.12224,A7D43C,1625677479,38.28074,-86.90592,
1625681080,38.891141,-86.849037,1618.24416,AAE6B3,1625677480,38.40210,-86.63962,
1625681081,38.891141,-86.849037,1618.1832,AB3D9A,1625677481,39.01576,-87.07910,
1625681083,38.891141,-86.849036,1618.1832,A16C64,1625677483,38.25879,-87.45275,
1625681083,38.891141,-86.849036,1618.1832,AD74F2,1625677483,38.99741,-87.26892,
1625681084,38.891142,-86.849036,1617.8784,AA1F55,1625677484,38.52214,-86.66141,
1625681084,38.891142,-86.849036,1617.8784,A7DF36,1625677484,38.79426,-86.14551,
1625681084,38.891142,-86.849036,1617.8784,A7D884,1625677484,38.95780,-86.92157,
1625681084,38.891142,-86.849036,1617.8784,AB5346,1625677484,39.14582,-86.69281,
1625681085,38.891142,-86.849037,1617.54312,AD4521,1625677485,38.67620,-86.70721,
1625681084,38.891142,-86.849036,1617.8784,A3E5FA,1625677484,38.40937,-87.26996,
1625681087,38.891142,-86.849038,1617.39072,A440C0,1625677487,38.49959,-86.06665,
1625681088,38.891141,-86.849038,1616.99448,ABF78F,1625677488,38.29134,-86.52435,
1625681087,38.891142,-86.849038,1617.39072,A6CD0F,1625677487,39.27701,-86.54675,
1625681088,38.891141,-86.849038,1616.99448,ABA3EC,1625677488,39.26024,-87.35534,
1625681090,38.891141,-86.849036,1616.6592,AA1F55,1625677490,38.52258,-86.65967,
1625681089,38.891141,-86.849037,1616.87256,A7D43C,1625677489,38.27811,-86.88538,
1625681090,38.891141,-86.849036,1616.6592,A7D884,1625677490,38.95830,-86.91792,
1625681086,38.891142,-86.849038,1617.39072,AD74F2,1625677486,38.99616,-87.26990,
1625681094,38.891141,-86.849037,1615.95816,AB5346,1625677494,39.14000,-86.68549,
1625681094,38.891141,-86.849037,1615.95816,A6CD0F,1625677494,39.27151,-86.54974,
1625681094,38.891141,-86.849037,1615.95816,AD74F2,1625677494,38.99199,-87.27163,
1625681097,38.891141,-86.849037,1615.68384,A440C0,1625677497,38.51962,-86.09794,
1625681098,38.891141,-86.849037,1615.77528,ABA3EC,1625677498,39.26137,-87.35309,
1625681099,38.891141,-86.849037,1615.86672,ABF78F,1625677499,38.28017,-86.51903,
1625681099,38.891141,-86.849037,1615.86672,AA1F55,1625677499,38.52420,-86.65180,
1625681100,38.891141,-86.849037,1615.95816,A7D43C,1625677500,38.27696,-86.87667,
1625681100,38.891141,-86.849037,1615.95816,A7D884,1625677500,38.95940,-86.91004,
1625681100,38.891141,-86.849037,1615.95816,AD74F2,1625677500,38.98936,-87.27179,
1625681101,38.891141,-86.849037,1615.95816,A16C64,1625677501,38.22604,-87.48353,
1625681105,38.891141,-86.849037,1616.41536,AA1F55,1625677505,38.52557,-86.64630,
1625681106,38.891141,-86.849037,1616.38488,AB5346,1625677506,39.13349,-86.67731,
1625681106,38.891141,-86.849037,1616.38488,A6CD0F,1625677506,39.26611,-86.55402,
1625681107,38.891141,-86.849037,1616.41536,A39AC7,1625677507,38.75610,-87.23503,
1625681107,38.891141,-86.849037,1616.41536,C01E10,1625677507,38.34782,-87.91856,
1625681109,38.891141,-86.849037,1616.29344,A440C0,1625677509,38.53542,-86.12207,
1625681109,38.891141,-86.849037,1616.29344,ABA3EC,1625677509,39.26422,-87.34758,
1625681110,38.891141,-86.849037,1616.23248,AD74F2,1625677510,38.98457,-87.27185,
1625681111,38.891141,-86.849038,1616.11056,A7D43C,1625677511,38.27260,-86.84286,
1625681111,38.891141,-86.849038,1616.11056,AAE6B3,1625677511,38.45636,-86.68356,
1625681111,38.891141,-86.849038,1616.11056,A7D884,1625677511,38.96050,-86.90234,
1625681113,38.891141,-86.849037,1615.98864,AD4521,1625677513,38.67027,-86.63185,
1625681115,38.891142,-86.849038,1616.0496,AB3D9A,1625677515,38.95587,-87.11734,
1625681115,38.891142,-86.849038,1616.0496,AD4521,1625677515,38.66997,-86.62817,
1625681115,38.891142,-86.849038,1616.0496,AB3D9A,1625677515,38.95404,-87.11848,
1625681115,38.891142,-86.849038,1616.0496,A7D884,1625677515,38.96114,-86.89857,
1625681115,38.891142,-86.849038,1616.0496,A6CD0F,1625677515,39.26095,-86.55878,
1625681115,38.891142,-86.849038,1616.0496,A39AC7,1625677515,38.73912,-87.23139,
1625681116,38.891142,-86.849037,1615.95816,AD74F2,1625677516,38.98064,-87.27187,
1625681117,38.891141,-86.849037,1615.98864,A6CD0F,1625677517,39.26043,-86.55927,
1625681117,38.891141,-86.849037,1615.98864,AB5346,1625677517,39.12711,-86.66962,
1625681117,38.891141,-86.849037,1615.98864,A440C0,1625677517,38.54974,-86.14368,
1625681119,38.891142,-86.849037,1616.11056,AB5346,1625677519,39.12590,-86.66821,
1625681120,38.891142,-86.849037,1616.08008,A7D43C,1625677520,38.26868,-86.81209,
1625681121,38.891142,-86.849037,1616.14104,AB3D9A,1625677521,38.94276,-87.12567,
1625681121,38.891142,-86.849037,1616.14104,A7D884,1625677521,38.96227,-86.89435,
1625681121,38.891142,-86.849037,1616.14104,A6CD0F,1625677521,39.25825,-86.56134,
1625681120,38.891142,-86.849037,1616.08008,A7DF36,1625677520,38.79776,-86.24936,
1625681122,38.891142,-86.849038,1616.17152,AD74F2,1625677522,38.97800,-87.27209,
1625681123,38.891141,-86.849037,1616.26296,A6CD0F,1625677523,39.25717,-86.56235,
1625681125,38.891141,-86.849036,1616.23248,A3E5FA,1625677525,38.34100,-87.25172,
1625681127,38.891141,-86.849036,1616.01912,A7D884,1625677527,38.96357,-86.89075,
1625681127,38.891141,-86.849036,1616.01912,A7D43C,1625677527,38.26758,-86.80310,
1625681127,38.891141,-86.849036,1616.01912,A6CD0F,1625677527,39.25548,-86.56397,
1625681128,38.891141,-86.849037,1615.95816,AB68DD,1625677528,39.65627,-87.31226,
1625681129,38.891141,-86.849037,1615.95816,A440C0,1625677529,38.56234,-86.16254,
1625681129,38.891141,-86.849037,1615.95816,A7D43C,1625677529,38.26636,-86.79384,
1625681129,38.891141,-86.849037,1615.95816,AAE6B3,1625677529,38.48478,-86.70660,
1625681130,38.891141,-86.849036,1615.95816,AB5346,1625677530,39.11943,-86.66052,
1625681131,38.891141,-86.849036,1616.01912,AD74F2,1625677531,38.97267,-87.27282,
1625681131,38.891141,-86.849036,1616.01912,AA1F55,1625677531,38.53524,-86.62927,
1625681132,38.891141,-86.849036,1615.8972,A7D884,1625677532,38.96548,-86.88657,
1625681135,38.891142,-86.849037,1615.86672,A440C0,1625677535,38.57207,-86.17700,
1625681135,38.891142,-86.849037,1615.86672,AD4521,1625677535,38.66570,-86.57650,
1625681136,38.891142,-86.849037,1615.86672,AD74F2,1625677536,38.96992,-87.27312,
1625681138,38.891142,-86.849038,1616.11056,AA1F55,1625677538,38.53687,-86.62445,
1625681138,38.891142,-86.849038,1616.11056,AAE9AF,1625677538,38.55103,-87.47744,
1625681138,38.891142,-86.849038,1616.11056,A7D884,1625677538,38.96730,-86.88300,
1625681138,38.891142,-86.849038,1616.11056,A6CD0F,1625677538,39.25001,-86.56909,
1625681139,38.891142,-86.849038,1616.08008,AB68DD,1625677539,39.66032,-87.31378,
1625681140,38.891142,-86.849038,1616.11056,A7D43C,1625677540,38.26343,-86.77115,
1625681140,38.891142,-86.849038,1616.11056,AB5346,1625677540,39.11300,-86.65277,
1625681142,38.891141,-86.849038,1616.01912,AD74F2,1625677542,38.96697,-87.27356,
1625681144,38.891142,-86.849038,1616.14104,AA1F55,1625677544,38.53821,-86.61991,
1625681144,38.891142,-86.849038,1616.14104,A440C0,1625677544,38.58728,-86.19957,
1625681145,38.891142,-86.849038,1615.92768,AD4521,1625677545,38.66182,-86.54907,
1625681146,38.891142,-86.849037,1615.92768,A39AC7,1625677546,38.68016,-87.21863,
1625681147,38.891142,-86.849037,1616.202,AAE9AF,1625677547,38.55441,-87.48449,
1625681148,38.891142,-86.849038,1616.08008,AD74F2,1625677548,38.96356,-87.27384,
1625681148,38.891142,-86.849038,1616.08008,A7D884,1625677548,38.97102,-86.87606,
1625681149,38.891142,-86.849038,1616.08008,A6CD0F,1625677549,39.24433,-86.57452,
1625681149,38.891142,-86.849038,1616.08008,AA1F55,1625677549,38.53839,-86.61902,
1625681149,38.891142,-86.849038,1616.08008,AAE6B3,1625677549,38.51965,-86.73499,
1625681150,38.891142,-86.849038,1615.98864,A7D43C,1625677550,38.26105,-86.75264,
1625681150,38.891142,-86.849038,1615.98864,AB5346,1625677550,39.10677,-86.64539,
1625681152,38.891141,-86.849038,1615.80576,AB3D9A,1625677552,38.88741,-87.16083,
1625681152,38.891141,-86.849038,1615.80576,A7DF36,1625677552,38.80059,-86.33691,
1625681152,38.891141,-86.849038,1615.80576,AAE9AF,1625677552,38.55423,-87.48724,
1625681154,38.891141,-86.849038,1615.86672,AD74F2,1625677554,38.96152,-87.27350,
1625681154,38.891141,-86.849038,1615.86672,AB68DD,1625677554,39.69193,-87.32581,
1625681155,38.891141,-86.849038,1615.77528,A440C0,1625677555,38.60228,-86.22186,
1625681155,38.891141,-86.849038,1615.77528,AD4521,1625677555,38.65668,-86.52313,
1625681157,38.891141,-86.849038,1615.80576,A6CD0F,1625677557,39.24000,-86.57861,
1625681157,38.891141,-86.849038,1615.80576,AA1F55,1625677557,38.54018,-86.60905,
1625681159,38.891141,-86.849037,1616.01912,A7D884,1625677559,38.97484,-86.86951,
1625681159,38.891141,-86.849037,1616.01912,AAE32E,1625677559,38.57236,-86.07287,
1625681159,38.891141,-86.849037,1616.01912,AD74F2,1625677559,38.95729,-87.27112,
1625681160,38.891142,-86.849037,1616.23248,A16C64,1625677560,38.16591,-87.54000,
1625681160,38.891142,-86.849037,1616.23248,A7D43C,1625677560,38.25807,-86.72954,
1625681162,38.891142,-86.849037,1616.26296,AB5346,1625677562,39.10030,-86.63789,
1625681163,38.891142,-86.849037,1616.3544,AA1F55,1625677563,38.54078,-86.60449,
1625681164,38.891141,-86.849036,1616.14104,A2F04B,1625677564,38.40983,-86.77480,
1625681164,38.891141,-86.849036,1616.14104,A7D884,1625677564,38.97688,-86.86567,
1625681166,38.891141,-86.849036,1616.11056,AD74F2,1625677566,38.95468,-87.26835,
1625681167,38.891141,-86.849036,1616.0496,A6CD0F,1625677567,39.23465,-86.58355,
1625681169,38.891142,-86.849037,1615.8972,AAE32E,1625677569,38.57510,-86.07818,
1625681171,38.891141,-86.849037,1615.80576,A7D884,1625677571,38.97875,-86.86163,
1625681172,38.891142,-86.849037,1615.80576,A2F04B,1625677572,38.42226,-86.74890,
1625681172,38.891142,-86.849037,1615.80576,A7D43C,1625677572,38.25593,-86.71252,
1625681172,38.891142,-86.849037,1615.80576,AB3D9A,1625677572,38.85008,-87.18451,
1625681172,38.891142,-86.849037,1615.80576,AB5346,1625677572,39.09410,-86.63080,
1625681172,38.891142,-86.849037,1615.80576,A82A58,1625677572,39.48907,-87.38382,
1625681175,38.891141,-86.849037,1615.83624,AD74F2,1625677575,38.95119,-87.26373,
1625681177,38.891141,-86.849037,1615.95816,AA1F55,1625677577,38.54418,-86.59393,
1625681177,38.891141,-86.849037,1615.95816,AAE9AF,1625677577,38.55894,-87.48634,
1625681177,38.891141,-86.849037,1615.95816,A7D884,1625677577,38.98041,-86.85773,
1625681175,38.891141,-86.849037,1615.83624,A440C0,1625677575,38.62947,-86.26221,
1625681177,38.891141,-86.849037,1615.95816,A39AC7,1625677577,38.61438,-87.20435,
1625681178,38.891142,-86.849038,1615.92768,A6CD0F,1625677578,39.22887,-86.58887,
1625681179,38.891142,-86.849038,1615.92768,AAE6B3,1625677579,38.56732,-86.77374,
1625681180,38.891142,-86.849038,1616.0496,AD74F2,1625677580,38.94868,-87.26249,
1625681183,38.891141,-86.849037,1616.44584,AA1F55,1625677583,38.54686,-86.59036,
1625681178,38.891142,-86.849038,1615.92768,AAE9AF,1625677578,38.55853,-87.48586,
1625681181,38.891142,-86.849038,1616.202,A7D43C,1625677581,38.25311,-86.69066,
1625681184,38.891141,-86.849037,1616.41536,A6CD0F,1625677584,39.22566,-86.59174,
1625681185,38.891141,-86.849037,1616.53728,AD74F2,1625677585,38.94534,-87.26237,
1625681185,38.891141,-86.849037,1616.53728,AD4521,1625677585,38.64036,-86.44769,
1625681185,38.891141,-86.849037,1616.53728,A440C0,1625677585,38.64436,-86.28387,
1625681186,38.891141,-86.849037,1616.5068,A7D884,1625677586,38.98308,-86.85059,
1625681185,38.891141,-86.849037,1616.53728,AB5346,1625677585,39.08556,-86.62081,
1625681187,38.891141,-86.849037,1616.38488,A7D884,1625677587,38.98345,-86.84955,
1625681187,38.891141,-86.849037,1616.38488,A6CD0F,1625677587,39.22371,-86.59352,
1625681187,38.891141,-86.849037,1616.38488,AB3D9A,1625677587,38.82089,-87.20312,
1625681187,38.891141,-86.849037,1616.38488,A440C0,1625677587,38.64730,-86.28778,
1625681189,38.891141,-86.849037,1616.17152,AA1F55,1625677589,38.54961,-86.58618,
1625681190,38.891141,-86.849038,1616.3544,A39AC7,1625677590,38.58659,-87.19825,
1625681190,38.891141,-86.849038,1616.3544,AD4521,1625677590,38.63757,-86.43457,
1625681193,38.891141,-86.849038,1616.14104,C01E10,1625677593,38.20556,-88.03500,
1625681194,38.891141,-86.849037,1616.14104,A39AC7,1625677594,38.57998,-87.19684,
1625681193,38.891141,-86.849038,1616.14104,AAE6B3,1625677593,38.59274,-86.79443,
1625681195,38.891141,-86.849037,1616.11056,A2F04B,1625677595,38.45103,-86.68896,
1625681195,38.891141,-86.849037,1616.11056,AD74F2,1625677595,38.93946,-87.26263,
1625681194,38.891141,-86.849037,1616.14104,A82A58,1625677594,39.48831,-87.36920,
1625681194,38.891141,-86.849037,1616.14104,AA1F55,1625677594,38.55112,-86.58221,
1625681196,38.891142,-86.849038,1616.08008,A2F04B,1625677596,38.45206,-86.68685,
1625681195,38.891141,-86.849037,1616.11056,A3D093,1625677595,40.63747,-88.75995,
1625681196,38.891142,-86.849038,1616.08008,AD74F2,1625677596,38.93871,-87.26267,
1625681196,38.891142,-86.849038,1616.08008,A7D43C,1625677596,38.24881,-86.65735,
1625681196,38.891142,-86.849038,1616.08008,AB5346,1625677596,39.07935,-86.61310,
1625681198,38.891142,-86.849038,1616.01912,A7D884,1625677598,38.98592,-86.84198,
1625681197,38.891142,-86.849038,1616.14104,A6CD0F,1625677597,39.21858,-86.59830,
1625681198,38.891142,-86.849038,1616.01912,A440C0,1625677598,38.66400,-86.30692,
1625681200,38.891141,-86.849038,1616.202,A82A58,1625677600,39.48811,-87.36609,
1625681201,38.891141,-86.849037,1616.23248,A7DF36,1625677601,38.80492,-86.47375,
1625681201,38.891141,-86.849037,1616.23248,AAE32E,1625677601,38.62528,-86.17633,
1625681202,38.891141,-86.849037,1616.29344,A7D43C,1625677602,38.24753,-86.64748,
1625681203,38.891141,-86.849037,1616.202,C01E10,1625677603,38.17712,-88.05823,
1625681205,38.891142,-86.849037,1616.11056,AA1F55,1625677605,38.55419,-86.57483,
1625681200,38.891141,-86.849038,1616.202,A3D093,1625677600,40.64611,-88.75867,
1625681206,38.891142,-86.849038,1616.202,AD74F2,1625677606,38.93353,-87.26297,
1625681206,38.891142,-86.849038,1616.202,A82A58,1625677606,39.48789,-87.36310,
1625681208,38.891142,-86.849038,1616.14104,A2F04B,1625677608,38.46188,-86.66626,
1625681208,38.891142,-86.849038,1616.14104,AB5346,1625677608,39.07236,-86.60431,
1625681208,38.891142,-86.849038,1616.14104,AAE96E,1625677608,38.50108,-87.83098,
1625681210,38.891142,-86.849039,1616.202,A7D884,1625677610,38.98880,-86.83325,
1625681209,38.891142,-86.849038,1616.14104,A6CD0F,1625677609,39.21225,-86.60406,
1625681210,38.891142,-86.849039,1616.202,A440C0,1625677610,38.68350,-86.32800,
1625681210,38.891142,-86.849039,1616.202,A24B40,1625677610,38.37593,-85.67238,
1625681210,38.891142,-86.849039,1616.202,AA1F55,1625677610,38.55624,-86.57227,
1625681211,38.891142,-86.849038,1616.11056,AD74F2,1625677611,38.93092,-87.26315,
1625681210,38.891142,-86.849039,1616.202,A82A58,1625677610,39.48756,-87.36024,
1625681212,38.891142,-86.849039,1616.23248,A7D43C,1625677612,38.24524,-86.63000,
1625681210,38.891142,-86.849039,1616.202,AAE96E,1625677610,38.50479,-87.82530,
1625681216,38.891141,-86.849037,1616.38488,AD20F4,1625677616,39.35037,-85.85052,
1625681216,38.891141,-86.849037,1616.38488,AD74F2,1625677616,38.92735,-87.26351,
1625681218,38.891142,-86.849037,1616.32392,AB3D9A,1625677618,38.76485,-87.23861,
1625681218,38.891142,-86.849037,1616.32392,AB5346,1625677618,39.06706,-86.59788,
1625681219,38.891142,-86.849037,1616.29344,A82A58,1625677619,39.48705,-87.35480,
1625681219,38.891142,-86.849037,1616.29344,AAE6B3,1625677619,38.63516,-86.82907,
1625681220,38.891142,-86.849037,1616.14104,AAE9AF,1625677620,38.55121,-87.46246,
1625681220,38.891142,-86.849037,1616.14104,A7D884,1625677620,38.99169,-86.82507,
1625681220,38.891142,-86.849037,1616.14104,A6CD0F,1625677620,39.20625,-86.60962,
1625681221,38.891142,-86.849038,1616.29344,AD4521,1625677621,38.62146,-86.35675,
1625681213,38.891142,-86.849038,1616.32392,AA1F55,1625677613,38.55726,-86.57123,
1625681223,38.891142,-86.849037,1616.29344,AD74F2,1625677623,38.92442,-87.26550,
1625681223,38.891142,-86.849037,1616.29344,A7D43C,1625677623,38.24249,-86.60873,
1625681224,38.891142,-86.849037,1616.202,A06ABA,1625677624,39.44022,-87.31085,
1625681224,38.891142,-86.849037,1616.202,A39AC7,1625677624,38.51688,-87.18320,
1625681221,38.891142,-86.849038,1616.29344,A82A58,1625677621,39.48700,-87.35443,
1625681225,38.891142,-86.849037,1616.202,AAE9AF,1625677625,38.55442,-87.46405,
1625681223,38.891142,-86.849037,1616.29344,AAE96E,1625677623,38.51083,-87.81587,
1625681226,38.891142,-86.849037,1616.26296,A7D884,1625677626,38.99327,-86.82107,
1625681230,38.891142,-86.849038,1615.98864,AD74F2,1625677630,38.92099,-87.26727,
1625681230,38.891142,-86.849038,1615.98864,AB5346,1625677630,39.05992,-86.58940,
1625681230,38.891142,-86.849038,1615.98864,A6CD0F,1625677630,39.20131,-86.61414,
1625681230,38.891142,-86.849038,1615.98864,AA1F55,1625677630,38.56820,-86.56293,
1625681231,38.891142,-86.849038,1616.08008,AAE9AF,1625677631,38.55693,-87.46652,
1625681231,38.891142,-86.849038,1616.08008,AC4D0D,1625677631,38.66070,-88.13458,
1625681230,38.891142,-86.849038,1615.98864,A26C12,1625677630,38.12493,-87.01190,
1625681231,38.891142,-86.849038,1616.08008,A7DF36,1625677631,38.80767,-86.56262,
1625681231,38.891142,-86.849038,1616.08008,A7D884,1625677631,38.99509,-86.81714,
1625681232,38.891141,-86.849038,1616.08008,A5AA28,1625677632,39.43640,-87.32538,
1625681232,38.891141,-86.849038,1616.08008,AAE96E,1625677632,38.51505,-87.80918,
1625681232,38.891141,-86.849038,1616.08008,A24B40,1625677632,38.36733,-85.67336,
1625681232,38.891141,-86.849038,1616.08008,AAE32E,1625677632,38.66162,-86.24757,
1625681232,38.891141,-86.849038,1616.08008,A7D43C,1625677632,38.24010,-86.59024,
1625681233,38.891141,-86.849037,1616.11056,C01E10,1625677633,38.12370,-88.10176,
1625681234,38.891141,-86.849036,1616.26296,AD74F2,1625677634,38.91806,-87.26781,
1625681234,38.891141,-86.849036,1616.26296,AB5346,1625677634,39.05663,-86.58563,
1625681237,38.89114,-86.849038,1615.92768,AD4521,1625677637,38.61388,-86.32077,
1625681237,38.89114,-86.849038,1615.92768,AA1F55,1625677637,38.57140,-86.55961,
1625681235,38.891141,-86.849037,1616.23248,AAE9AF,1625677635,38.55807,-87.46783,
1625681237,38.89114,-86.849038,1615.92768,AD20F4,1625677637,39.33362,-85.81281,
1625681237,38.89114,-86.849038,1615.92768,A7D884,1625677637,38.99707,-86.81355,
1625681238,38.891141,-86.849038,1615.86672,AAE96E,1625677638,38.51738,-87.80554,
1625681238,38.891141,-86.849038,1615.86672,A2F04B,1625677638,38.49726,-86.59235,
1625681238,38.891141,-86.849038,1615.86672,A414FB,1625677638,39.58177,-86.47178,
1625681240,38.891142,-86.849039,1615.8972,A440C0,1625677640,38.72983,-86.38042,
1625681240,38.891142,-86.849039,1615.8972,AD74F2,1625677640,38.91756,-87.26799,
1625681241,38.891142,-86.849039,1615.86672,A6CD0F,1625677641,39.19579,-86.61926,
1625681241,38.891142,-86.849039,1615.86672,AB5346,1625677641,39.05273,-86.58170,
1625681242,38.891141,-86.849038,1615.86672,A7DF36,1625677642,38.80852,-86.59119,
1625681241,38.891142,-86.849039,1615.86672,AA1F55,1625677641,38.57277,-86.55650,
1625681243,38.891141,-86.849037,1616.17152,A7D884,1625677643,38.99951,-86.81000,
1625681237,38.89114,-86.849038,1615.92768,A16C64,1625677637,38.02167,-87.67516,
1625681246,38.891142,-86.849038,1615.98864,AD74F2,1625677646,38.91734,-87.27399,
1625681246,38.891142,-86.849038,1615.98864,A440C0,1625677646,38.74123,-86.39332,
1625681246,38.891142,-86.849038,1615.98864,AB5346,1625677646,39.04935,-86.57877,
1625681246,38.891142,-86.849038,1615.98864,AD4521,1625677646,38.60796,-86.29279,
1625681248,38.891142,-86.849038,1616.32392,A7D884,1625677648,39.00188,-86.80688,
1625681248,38.891142,-86.849038,1616.32392,AB3D9A,1625677648,38.70800,-87.27460,
1625681249,38.891142,-86.849038,1616.202,AAE6B3,1625677649,38.68602,-86.87057,
1625681252,38.891141,-86.849037,1616.14104,AD74F2,1625677652,38.91815,-87.27784,
1625681252,38.891141,-86.849037,1616.14104,A6CD0F,1625677652,39.19011,-86.62445,
1625681252,38.891141,-86.849037,1616.14104,AA1F55,1625677652,38.57500,-86.54822,
1625681252,38.891141,-86.849037,1616.14104,AB5346,1625677652,39.04578,-86.57615,
1625681254,38.891141,-86.849037,1616.0496,AAE6B3,1625677654,38.69334,-86.87653,
1625681253,38.891141,-86.849037,1616.23248,A7D884,1625677653,39.00430,-86.80381,
1625681255,38.891141,-86.849037,1616.0496,AD74F2,1625677655,38.91837,-87.28003,
1625681255,38.891141,-86.849037,1616.0496,A6CD0F,1625677655,39.18777,-86.62666,
1625681255,38.891141,-86.849037,1616.0496,AAE6B3,1625677655,38.69715,-86.87964,
1625681255,38.891141,-86.849037,1616.0496,AB5346,1625677655,39.04262,-86.57385,
1625681255,38.891141,-86.849037,1616.0496,AB3D9A,1625677655,38.69298,-87.28405,
1625681255,38.891141,-86.849037,1616.0496,A7D884,1625677655,39.00542,-86.80255,
1625681255,38.891141,-86.849037,1616.0496,AD74F2,1625677655,38.91838,-87.28059,
1625681255,38.891141,-86.849037,1616.0496,A6CD0F,1625677655,39.18723,-86.62714,
1625681255,38.891141,-86.849037,1616.0496,AD4521,1625677655,38.60280,-86.26805,
1625681257,38.891141,-86.849037,1616.5068,A440C0,1625677657,38.75922,-86.41356,
1625681257,38.891141,-86.849037,1616.5068,A6CD0F,1625677657,39.18668,-86.62762,
1625681258,38.891142,-86.849037,1616.53728,A39AC7,1625677658,38.45043,-87.16876,
1625681259,38.891141,-86.849037,1616.56776,AAE6B3,1625677659,38.70277,-86.88424,
1625681259,38.891141,-86.849037,1616.56776,AB3D9A,1625677659,38.68744,-87.28757,
1625681261,38.891142,-86.849037,1616.5068,A7DF36,1625677661,38.81004,-86.64355,
1625681261,38.891142,-86.849037,1616.5068,A6CD0F,1625677661,39.18493,-86.62927,
1625681262,38.891141,-86.849037,1616.53728,A7D884,1625677662,39.00821,-86.79944,
1625681264,38.891141,-86.849037,1616.75064,AAE32E,1625677664,38.70021,-86.32334,
1625681265,38.891141,-86.849036,1616.964,A440C0,1625677665,38.77162,-86.42759,
1625681267,38.891142,-86.849038,1616.8116,AB5346,1625677667,39.03484,-86.56842,
1625681267,38.891142,-86.849038,1616.8116,A7D884,1625677667,39.01054,-86.79712,
1625681264,38.891141,-86.849037,1616.75064,AD74F2,1625677664,38.91846,-87.28204,
1625681267,38.891142,-86.849038,1616.8116,AD4521,1625677667,38.59698,-86.24065,
1625681268,38.891141,-86.849039,1616.68968,A2F04B,1625677668,38.53285,-86.51596,
1625681271,38.891141,-86.849036,1616.8116,A2F04B,1625677671,38.53569,-86.50844,
1625681272,38.891141,-86.849037,1616.87256,A6CD0F,1625677672,39.17943,-86.63434,
1625681271,38.891141,-86.849036,1616.8116,AD4521,1625677671,38.59474,-86.22998,
1625681272,38.891141,-86.849037,1616.87256,ABA3EC,1625677672,39.26564,-87.25987,
1625681272,38.891141,-86.849037,1616.87256,AD74F2,1625677672,38.91541,-87.28763,
1625681274,38.891141,-86.849037,1616.72016,AAE32E,1625677674,38.70977,-86.34216,
1625681276,38.891141,-86.849037,1616.78112,A440C0,1625677676,38.78951,-86.44775,
1625681278,38.891142,-86.849037,1616.75064,AB5346,1625677678,39.02772,-86.56323,
1625681278,38.891142,-86.849037,1616.75064,A7D884,1625677678,39.01552,-86.79229,
1625681278,38.891142,-86.849037,1616.75064,AD74F2,1625677678,38.91225,-87.28805,
1625681279,38.891141,-86.849036,1616.72016,AAE32E,1625677679,38.71957,-86.36144,
1625681282,38.891142,-86.849037,1616.75064,A66223,1625677682,38.80609,-87.37039,
1625681282,38.891142,-86.849037,1616.75064,A2F04B,1625677682,38.54525,-86.47998,
1625681281,38.891141,-86.849037,1616.8116,A6CD0F,1625677681,39.17357,-86.63971,
1625681282,38.891142,-86.849037,1616.75064,AD4521,1625677682,38.58888,-86.20207,
1625681282,38.891142,-86.849037,1616.75064,AD74F2,1625677682,38.91059,-87.28815,
1625681287,38.891141,-86.849038,1616.78112,A440C0,1625677687,38.80506,-86.46533,
1625681287,38.891141,-86.849038,1616.78112,A414FB,1625677687,39.60054,-86.54653,
1625681287,38.891141,-86.849038,1616.78112,AB5346,1625677687,39.02101,-86.55829,
1625681287,38.891141,-86.849038,1616.78112,A7D884,1625677687,39.02060,-86.78748,
1625681288,38.891141,-86.849038,1616.84208,AAE9AF,1625677688,38.56755,-87.46956,
1625681289,38.891141,-86.849038,1616.72016,A39AC7,1625677689,38.39154,-87.15606,
1625681289,38.891141,-86.849038,1616.72016,A7DF36,1625677689,38.81246,-86.72559,
1625681290,38.891141,-86.849038,1616.68968,AAE6B3,1625677690,38.75281,-86.92520,
1625681289,38.891141,-86.849038,1616.72016,AB3D9A,1625677689,38.63109,-87.32316,
1625681290,38.891141,-86.849038,1616.68968,A66223,1625677690,38.80539,-87.36682,
1625681293,38.891141,-86.849038,1616.47632,AD74F2,1625677693,38.90442,-87.28811,
1625681293,38.891141,-86.849038,1616.47632,A6CD0F,1625677693,39.16766,-86.64514,
1625681291,38.891141,-86.849038,1616.56776,AD4521,1625677691,38.58426,-86.17968,
1625681293,38.891141,-86.849038,1616.47632,AD20F4,1625677693,39.26816,-85.66565,
1625681293,38.891141,-86.849038,1616.47632,A440C0,1625677693,38.81605,-86.47772,
1625681293,38.891141,-86.849038,1616.47632,AA1F55,1625677693,38.58403,-86.51751,
1625681297,38.891142,-86.849038,1616.38488,AB5346,1625677697,39.01318,-86.55453,
1625681298,38.891142,-86.849038,1616.47632,A7D884,1625677698,39.02581,-86.78278,
1625681301,38.891142,-86.849052,1614.79992,ABA3EC,1625677701,39.27946,-87.25742,
1625681294,38.891141,-86.849038,1616.53728,A66223,1625677694,38.80413,-87.36133,
1625681303,38.891146,-86.849095,1609.16112,AB5346,1625677703,39.00984,-86.55376,
1625681303,38.891146,-86.849095,1609.16112,AD74F2,1625677703,38.89858,-87.28809,
1625681303,38.891146,-86.849095,1609.16112,A6CD0F,1625677703,39.16177,-86.65060,
1625681303,38.891146,-86.849095,1609.16112,AD4521,1625677703,38.57803,-86.14953,
1625681295,38.891141,-86.849038,1616.41536,AA1F55,1625677695,38.58501,-86.51648,
