1625680869,38.892766,-86.848804,714.11592,AD4521,1625677269,38.71922,-87.27863,
1625680869,38.892766,-86.848804,714.11592,A7D884,1625677269,38.97386,-86.99416,
1625680869,38.892766,-86.848804,714.11592,ABF78F,1625677269,38.71101,-86.72631,
1625680872,38.892767,-86.848805,716.76768,AC4D0D,1625677272,39.30807,-87.64427,
1625680871,38.892767,-86.848805,716.8896,AB68DD,1625677271,39.14310,-87.13687,
1625680871,38.892767,-86.848805,716.8896,A3E5FA,1625677271,38.84179,-87.38538,
1625680874,38.892768,-86.848803,716.37144,C01E10,1625677274,38.76384,-87.57423,
1625680874,38.892768,-86.848803,716.37144,A16C64,1625677274,38.58007,-87.14825,
1625680877,38.892767,-86.848803,715.91424,A39AC7,1625677277,39.22952,-87.33917,
1625680879,38.892766,-86.8488,717.31632,AD4521,1625677279,38.71717,-87.25098,
1625680869,38.892766,-86.848804,714.11592,A7D884,1625677269,38.97386,-86.99464,
1625680881,38.892767,-86.8488,718.90128,AB3D9A,1625677281,39.38406,-86.84191,
1625680881,38.892767,-86.8488,718.90128,A895EB,1625677281,39.41711,-86.75157,
1625680883,38.892767,-86.848803,720.18144,AB5346,1625677283,39.26472,-86.83466,
1625680884,38.892766,-86.848804,721.18728,AB3D9A,1625677284,39.38059,-86.84418,
1625680885,38.892764,-86.848803,722.19312,A7D884,1625677285,38.97340,-87.00342,
1625680885,38.892764,-86.848803,722.19312,A16C64,1625677285,38.56308,-87.16443,
1625680887,38.892755,-86.848803,724.5096,C01E10,1625677287,38.72811,-87.60394,
1625680889,38.892744,-86.848797,726.15552,C01E10,1625677289,38.72639,-87.60541,
1625680890,38.892739,-86.848795,727.06992,AD4521,1625677290,38.71504,-87.22147,
1625680890,38.892739,-86.848795,727.06992,A7D43C,1625677290,38.33249,-87.35399,
1625680890,38.892739,-86.848795,727.06992,AB5346,1625677290,39.26388,-86.83405,
1625680896,38.892587,-86.848828,741.7308,A16C64,1625677296,38.54716,-87.17950,
1625680896,38.892587,-86.848828,741.7308,A7D884,1625677296,38.96981,-87.00562,
1625680896,38.892587,-86.848828,741.7308,A20E38,1625677296,38.58884,-87.29533,
1625680897,38.892542,-86.848831,745.8456,A10C3E,1625677297,38.73216,-86.17017,
1625680901,38.892408,-86.848833,777.75816,A3E5FA,1625677301,38.77895,-87.36848,
1625680900,38.892444,-86.848829,766.4196,A6CD0F,1625677300,39.38068,-86.49506,
1625680902,38.892374,-86.84884,789.37104,A3E5FA,1625677302,38.77794,-87.36824,
1625680903,38.892356,-86.848843,795.28416,ABF78F,1625677303,38.64567,-86.69470,
1625680903,38.892356,-86.848843,795.28416,A39AC7,1625677303,39.17661,-87.32752,
1625680903,38.892356,-86.848843,795.28416,AB3D9A,1625677303,39.34497,-86.86725,
1625680903,38.892356,-86.848843,795.28416,AD20F4,1625677303,39.67282,-86.58301,
1625680903,38.892356,-86.848843,795.28416,A6CD0F,1625677303,39.38004,-86.49536,
1625680903,38.892356,-86.848843,795.28416,A16C64,1625677303,38.53583,-87.19037,
1625680904,38.89232,-86.848851,807.8724,AA1F55,1625677304,38.48222,-86.79382,
1625680904,38.89232,-86.848851,807.8724,A20E38,1625677304,38.57002,-87.29047,
1625680905,38.892285,-86.848857,820.33872,A39AC7,1625677305,39.16989,-87.32599,
1625680905,38.892285,-86.848857,820.33872,AD4521,1625677305,38.71188,-87.17825,
1625680905,38.892285,-86.848857,820.33872,A20E38,1625677305,38.56783,-87.28996,
1625680905,38.892285,-86.848857,820.33872,AB3D9A,1625677305,39.33906,-86.87103,
1625680905,38.892285,-86.848857,820.33872,A3E5FA,1625677305,38.77034,-87.36621,
1625680905,38.892285,-86.848857,820.33872,A24B40,1625677305,39.00356,-85.67419,
1625680905,38.892285,-86.848857,820.33872,A7D884,1625677305,38.96686,-87.00276,
1625680905,38.892285,-86.848857,820.33872,A53781,1625677305,38.33922,-86.17810,
1625680907,38.89222,-86.848866,844.93608,AA1F55,1625677307,38.48269,-86.79175,
1625680907,38.89222,-86.848866,844.93608,ABF78F,1625677307,38.63795,-86.69097,
1625680907,38.89222,-86.848866,844.93608,AD74F2,1625677307,39.04015,-87.28088,
1625680909,38.892172,-86.848871,863.58984,ABF78F,1625677309,38.63370,-86.68890,
1625680909,38.892172,-86.848871,863.58984,AD4521,1625677309,38.71107,-87.16779,
1625680909,38.892172,-86.848871,863.58984,A6CD0F,1625677309,39.37646,-86.49715,
1625680910,38.892148,-86.848873,874.68456,A39AC7,1625677310,39.16255,-87.32441,
1625680910,38.892148,-86.848873,874.68456,AB5346,1625677310,39.24596,-86.82373,
1625680909,38.892172,-86.848871,863.58984,AD74F2,1625677309,39.04038,-87.28259,
1625680910,38.892148,-86.848873,874.68456,A10C3E,1625677310,38.72360,-86.13825,
1625680910,38.892148,-86.848873,874.68456,A81163,1625677310,37.95790,-85.98330,
1625680911,38.892139,-86.848872,881.57304,AB68DD,1625677311,39.22301,-87.16254,
1625680910,38.892148,-86.848873,874.68456,AC4D0D,1625677310,39.23534,-87.69989,
1625680911,38.892139,-86.848872,881.57304,A7D884,1625677311,38.96595,-87.00061,
1625680911,38.892139,-86.848872,881.57304,A53781,1625677311,38.34010,-86.16912,
1625680913,38.892121,-86.848875,885.16968,AC4D0D,1625677313,39.22985,-87.70404,
1625680913,38.892121,-86.848875,885.16968,AA1F55,1625677313,38.48309,-86.78739,
1625680913,38.892121,-86.848875,885.16968,A81163,1625677313,37.94277,-85.97757,
1625680913,38.892121,-86.848875,885.16968,AC4D0D,1625677313,39.22985,-87.70404,
1625680913,38.892121,-86.848875,885.16968,A16C64,1625677313,38.51949,-87.20589,
1625680916,38.892035,-86.848898,885.84024,A39AC7,1625677316,39.15043,-87.32172,
1625680915,38.892079,-86.848887,885.84024,AB5346,1625677315,39.24456,-86.82288,
1625680915,38.892079,-86.848887,885.84024,AD74F2,1625677315,39.04088,-87.28685,
1625680917,38.891986,-86.848907,885.38304,C01E10,1625677317,38.67597,-87.64734,
1625680917,38.891986,-86.848907,885.38304,A10C3E,1625677317,38.71973,-86.12366,
1625680917,38.891986,-86.848907,885.38304,AD20F4,1625677317,39.65900,-86.55131,
1625680917,38.891986,-86.848907,885.38304,A6CD0F,1625677317,39.37183,-86.49945,
1625680917,38.891986,-86.848907,885.38304,A7D884,1625677317,38.96539,-86.99805,
1625680918,38.891932,-86.848915,885.35256,A7DF36,1625677318,38.77732,-85.67175,
1625680918,38.891932,-86.848915,885.35256,C01E10,1625677318,38.67420,-87.64874,
1625680918,38.891932,-86.848915,885.35256,A7D43C,1625677318,38.32748,-87.28411,
1625680918,38.891932,-86.848915,885.35256,A53781,1625677318,38.34103,-86.15992,
1625680919,38.891904,-86.848918,885.20016,AA1F55,1625677319,38.48309,-86.78244,
1625680920,38.891845,-86.848924,885.20016,AD4521,1625677320,38.70907,-87.14050,
1625680918,38.891932,-86.848915,885.35256,A81163,1625677318,37.92952,-85.97258,
1625680919,38.891904,-86.848918,885.20016,AC4D0D,1625677319,39.21747,-87.71350,
1625680922,38.891726,-86.848936,885.23064,AB5346,1625677322,39.23800,-86.81805,
1625680922,38.891726,-86.848936,885.23064,AD74F2,1625677322,39.04122,-87.29083,
1625680922,38.891726,-86.848936,885.23064,A6CD0F,1625677322,39.36951,-86.50062,
1625680923,38.891694,-86.848941,885.32208,A7DF36,1625677323,38.77762,-85.68004,
1625680922,38.891726,-86.848936,885.23064,A10C3E,1625677322,38.71779,-86.11657,
1625680923,38.891694,-86.848941,885.32208,A7D884,1625677323,38.96520,-86.99554,
1625680923,38.891694,-86.848941,885.32208,A53781,1625677323,38.34183,-86.15210,
1625680923,38.891694,-86.848941,885.32208,A16C64,1625677323,38.50275,-87.22180,
1625680923,38.891694,-86.848941,885.32208,A24B40,1625677323,38.96704,-85.67013,
1625680925,38.891567,-86.848963,885.84024,AB6162,1625677325,39.36017,-88.17233,
1625680927,38.89147,-86.84898,885.9012,AB5346,1625677327,39.23502,-86.81534,
1625680927,38.89147,-86.84898,885.9012,A6CD0F,1625677327,39.36671,-86.50201,
1625680928,38.891403,-86.848992,885.62688,AA1F55,1625677328,38.48296,-86.77557,
1625680928,38.891403,-86.848992,885.62688,A440C0,1625677328,38.28084,-85.80346,
1625680928,38.891403,-86.848992,885.62688,A7D884,1625677328,38.96530,-86.99315,
1625680929,38.891337,-86.849003,885.444,A53781,1625677329,38.34280,-86.14284,
1625680930,38.891277,-86.849012,886.78512,AD4521,1625677330,38.70684,-87.11017,
1625680930,38.891277,-86.849012,886.78512,AD20F4,1625677330,39.64775,-86.52527,
1625680932,38.891191,-86.84902,895.6548,A7D43C,1625677332,38.32402,-87.25038,
1625680932,38.891191,-86.84902,895.6548,A81163,1625677332,37.90339,-85.96270,
1625680932,38.891191,-86.84902,895.6548,AB5346,1625677332,39.23112,-86.81086,
1625680932,38.891191,-86.84902,895.6548,AD74F2,1625677332,39.04161,-87.29850,
1625680932,38.891191,-86.84902,895.6548,A6CD0F,1625677332,39.36373,-86.50348,
1625680932,38.891191,-86.84902,895.6548,AAE6B3,1625677332,38.15729,-86.44222,
1625680931,38.891229,-86.849018,889.8636,A9E678,1625677331,39.56107,-87.57654,
1625680934,38.891154,-86.849027,908.79168,A10C3E,1625677334,38.70941,-86.08522,
1625680934,38.891154,-86.849027,908.79168,A6353E,1625677334,39.81207,-88.82506,
1625680933,38.891163,-86.849025,904.25016,A895EB,1625677333,39.43366,-86.60455,
1625680934,38.891154,-86.849027,908.79168,A7D884,1625677334,38.96548,-86.99016,
1625680934,38.891154,-86.849027,908.79168,A3F120,1625677334,37.87104,-87.84578,
1625680934,38.891154,-86.849027,908.79168,A7D43C,1625677334,38.32376,-87.24792,
1625680934,38.891154,-86.849027,908.79168,A53781,1625677334,38.34354,-86.13514,
1625680934,38.891154,-86.849027,908.79168,A16C64,1625677334,38.48706,-87.23663,
1625680936,38.891142,-86.849033,930.52392,A20E38,1625677336,38.50653,-87.27461,
1625680936,38.891142,-86.849033,930.52392,AB3D9A,1625677336,39.28601,-86.90532,
1625680936,38.891142,-86.849033,930.52392,A3E5FA,1625677336,38.70937,-87.34991,
1625680937,38.89114,-86.849036,942.50256,AD1CFE,1625677337,39.60799,-86.80511,
1625680936,38.891142,-86.849033,930.52392,AAE6B3,1625677336,38.16348,-86.44721,
1625680938,38.891139,-86.849038,954.57264,AB5346,1625677338,39.22829,-86.80674,
1625680938,38.891139,-86.849038,954.57264,A6CD0F,1625677338,39.36044,-86.50515,
1625680937,38.89114,-86.849036,942.50256,A440C0,1625677337,38.30003,-85.82590,
1625680939,38.891139,-86.849039,960.82104,AA1F55,1625677339,38.48315,-86.76569,
1625680939,38.891139,-86.849039,960.82104,ABF78F,1625677339,38.57505,-86.66058,
1625680938,38.891139,-86.849038,954.57264,AD74F2,1625677338,39.04178,-87.30298,
1625680939,38.891139,-86.849039,960.82104,A7D884,1625677339,38.96562,-86.98658,
1625680940,38.891139,-86.849039,972.9216,A81163,1625677340,37.89130,-85.95814,
1625680940,38.891139,-86.849039,972.9216,A53781,1625677340,38.34401,-86.13078,
1625680941,38.891138,-86.849039,985.20504,AD4521,1625677341,38.70455,-87.07898,
1625680942,38.891139,-86.849038,997.3056,AB68DD,1625677342,39.28399,-87.18225,
1625680942,38.891139,-86.849038,997.3056,A895EB,1625677342,39.43648,-86.57931,
1625680941,38.891138,-86.849039,985.20504,ABEE1B,1625677341,38.16055,-86.50366,
1625680942,38.891139,-86.849038,997.3056,AD1CFE,1625677342,39.60837,-86.80196,
1625680942,38.891139,-86.849038,997.3056,A26C12,1625677342,38.12917,-87.77802,
1625680943,38.891139,-86.849038,1009.52808,A10C3E,1625677343,38.70158,-86.05585,
1625680943,38.891139,-86.849038,1009.52808,AB5346,1625677343,39.22533,-86.80182,
1625680943,38.891139,-86.849038,1009.52808,A6353E,1625677343,39.81315,-88.85107,
1625680943,38.891139,-86.849038,1009.52808,A6CD0F,1625677343,39.35756,-86.50659,
1625680945,38.89114,-86.849037,1032.8148,AA1F55,1625677345,38.48451,-86.76136,
1625680945,38.89114,-86.849037,1032.8148,A7D43C,1625677345,38.32045,-87.22082,
1625680945,38.89114,-86.849037,1032.8148,A16C64,1625677345,38.46996,-87.25288,
1625680945,38.89114,-86.849037,1032.8148,A7D884,1625677345,38.96571,-86.98324,
1625680945,38.89114,-86.849037,1032.8148,A97CC1,1625677345,39.45625,-87.03662,
1625680946,38.89114,-86.849037,1038.78888,A39AC7,1625677346,39.08670,-87.30763,
1625680945,38.89114,-86.849037,1032.8148,A53781,1625677345,38.34480,-86.12314,
1625680944,38.891139,-86.849038,1021.20192,A9E678,1625677344,39.56493,-87.56987,
1625680944,38.891139,-86.849038,1021.20192,A440C0,1625677344,38.30793,-85.83517,
1625680949,38.89114,-86.849036,1073.99328,C01E10,1625677349,38.62321,-87.69114,
1625680948,38.89114,-86.849036,1062.04512,AD74F2,1625677348,39.04197,-87.30896,
1625680949,38.89114,-86.849036,1073.99328,A6CD0F,1625677349,39.35452,-86.50812,
1625680945,38.89114,-86.849037,1032.8148,A81163,1625677345,37.87541,-85.95212,
1625680950,38.891141,-86.849036,1079.96736,AC4D0D,1625677350,39.16156,-87.75610,
1625680951,38.89114,-86.849036,1091.97648,A7D884,1625677351,38.96590,-86.97937,
1625680951,38.89114,-86.849036,1091.97648,AA1F55,1625677351,38.48520,-86.75989,
1625680952,38.89114,-86.849037,1103.9856,AD4521,1625677352,38.70237,-87.05011,
1625680952,38.89114,-86.849037,1103.9856,AB5346,1625677352,39.22124,-86.79431,
1625680952,38.89114,-86.849037,1103.9856,A895EB,1625677352,39.43872,-86.55925,
1625680953,38.89114,-86.849036,1115.8728,A7DF36,1625677353,38.78101,-85.77056,
1625680954,38.891141,-86.849036,1128.49152,A10C3E,1625677354,38.69504,-86.03161,
1625680954,38.891141,-86.849036,1128.49152,A6353E,1625677354,39.81413,-88.87512,
1625680954,38.891141,-86.849036,1128.49152,AD74F2,1625677354,39.04028,-87.31187,
1625680954,38.891141,-86.849036,1128.49152,A6CD0F,1625677354,39.35205,-86.50934,
1625680954,38.891141,-86.849036,1128.49152,A24B40,1625677354,38.90901,-85.66382,
1625680955,38.891141,-86.849037,1140.31776,A7D43C,1625677355,38.31752,-87.19765,
1625680955,38.891141,-86.849037,1140.31776,A16C64,1625677355,38.45412,-87.26805,
1625680955,38.891141,-86.849037,1140.31776,AAE6B3,1625677355,38.19438,-86.47204,
1625680955,38.891141,-86.849037,1140.31776,AB6162,1625677355,39.34474,-88.23377,
1625680956,38.891141,-86.849037,1146.23088,A7D884,1625677356,38.96617,-86.97631,
1625680958,38.891141,-86.849037,1172.23032,A440C0,1625677358,38.32132,-85.85073,
1625680960,38.89114,-86.849037,1191.3108,A3F120,1625677360,37.84346,-87.88577,
1625680959,38.891141,-86.849037,1178.75304,A3D093,1625677359,40.23354,-88.81824,
1625680960,38.89114,-86.849037,1191.3108,AD74F2,1625677360,39.03754,-87.30972,
1625680960,38.89114,-86.849037,1191.3108,A6CD0F,1625677360,39.34795,-86.51142,
1625680960,38.89114,-86.849037,1191.3108,ABA3EC,1625677360,39.26825,-87.34489,
1625680961,38.89114,-86.849037,1203.92952,AD20F4,1625677361,39.61546,-86.45118,
1625680962,38.89114,-86.849037,1210.33032,AA1F55,1625677362,38.49116,-86.74957,
1625680962,38.89114,-86.849037,1210.33032,AD4521,1625677362,38.70053,-87.02557,
1625680962,38.89114,-86.849037,1210.33032,AB5346,1625677362,39.21712,-86.78662,
1625680963,38.891141,-86.849037,1223.01,A3D093,1625677363,40.23450,-88.81812,
1625680964,38.89114,-86.849037,1235.23248,A10C3E,1625677364,38.68868,-86.00787,
1625680965,38.89114,-86.849038,1247.15016,A7D43C,1625677365,38.31393,-87.16881,
1625680966,38.89114,-86.849038,1253.09376,A20E38,1625677366,38.44487,-87.25927,
1625680966,38.89114,-86.849038,1253.09376,AB3D9A,1625677366,39.23117,-86.94055,
1625680966,38.89114,-86.849038,1253.09376,A3E5FA,1625677366,38.64646,-87.33301,
1625680966,38.89114,-86.849038,1253.09376,AD74F2,1625677366,39.03621,-87.30542,
1625680965,38.89114,-86.849038,1247.15016,A6CD0F,1625677365,39.34474,-86.51300,
1625680965,38.89114,-86.849038,1247.15016,A16C64,1625677365,38.43713,-87.28411,
1625680967,38.89114,-86.849038,1264.58472,A7D884,1625677367,38.96688,-86.97052,
1625680968,38.891141,-86.849038,1276.35,AA1F55,1625677368,38.49270,-86.74634,
1625680969,38.891141,-86.849037,1287.74952,ABF78F,1625677369,38.51797,-86.63311,
1625680969,38.891141,-86.849037,1287.74952,AB5346,1625677369,39.21378,-86.78077,
1625680969,38.891141,-86.849037,1287.74952,A440C0,1625677369,38.33084,-85.86184,
1625680970,38.891141,-86.849037,1293.66264,ABA3EC,1625677370,39.26621,-87.34912,
1625680972,38.891141,-86.849037,1317.16272,AD74F2,1625677372,39.03503,-87.30115,
1625680973,38.891141,-86.849037,1328.928,A7D884,1625677373,38.96722,-86.96795,
1625680974,38.891141,-86.849036,1340.69328,A16C64,1625677374,38.42436,-87.29633,
1625680975,38.891141,-86.849036,1346.57592,AA1F55,1625677375,38.49504,-86.74070,
1625680975,38.891141,-86.849036,1346.57592,A3E5FA,1625677375,38.62835,-87.32819,
1625680975,38.891141,-86.849036,1346.57592,AD74F2,1625677375,39.03438,-87.29909,
1625680975,38.891141,-86.849036,1346.57592,A39AC7,1625677375,39.02679,-87.29443,
1625680976,38.891141,-86.849036,1364.37624,AD4521,1625677376,38.69783,-86.98897,
1625680976,38.891141,-86.849036,1364.37624,A6CD0F,1625677376,39.33984,-86.51548,
1625680976,38.891141,-86.849036,1364.37624,A39AC7,1625677376,39.02463,-87.29396,
1625680977,38.891141,-86.849037,1370.10648,A7D884,1625677377,38.96732,-86.96556,
1625680977,38.891141,-86.849037,1370.10648,A39AC7,1625677377,39.02246,-87.29352,
1625680980,38.891141,-86.849037,1405.2804,ABA3EC,1625677380,39.26430,-87.35345,
1625680980,38.891141,-86.849037,1405.2804,AD4521,1625677380,38.69705,-86.97852,
1625680980,38.891141,-86.849037,1405.2804,A895EB,1625677380,39.44823,-86.47406,
1625680980,38.891141,-86.849037,1405.2804,AA1F55,1625677380,38.49642,-86.73688,
1625680980,38.891141,-86.849037,1405.2804,A7DF36,1625677380,38.78362,-85.84227,
1625680980,38.891141,-86.849037,1405.2804,A3E5FA,1625677380,38.61857,-87.32556,
1625680980,38.891141,-86.849037,1405.2804,AD74F2,1625677380,39.03326,-87.29541,
1625680980,38.891141,-86.849037,1405.2804,A39AC7,1625677380,39.01616,-87.29211,
1625680981,38.891141,-86.849037,1416.7104,A16C64,1625677381,38.41439,-87.30579,
1625680982,38.891141,-86.849037,1428.1404,AB3D9A,1625677382,39.20080,-86.96008,
1625680983,38.891141,-86.849037,1433.90112,A6CD0F,1625677383,39.33531,-86.51769,
1625680983,38.891141,-86.849037,1433.90112,A16C64,1625677383,38.41114,-87.30889,
1625680983,38.891141,-86.849037,1433.90112,A7D884,1625677383,38.96704,-86.96318,
1625680982,38.891141,-86.849037,1428.1404,ABF78F,1625677382,38.49142,-86.62033,
1625680985,38.891141,-86.849037,1457.43168,AA1F55,1625677385,38.49716,-86.73462,
1625680985,38.891141,-86.849037,1457.43168,ABA3EC,1625677385,39.26360,-87.35522,
1625680986,38.891141,-86.849037,1469.04456,ABF78F,1625677386,38.48757,-86.61847,
1625680988,38.891141,-86.849037,1486.0524,ABF78F,1625677388,38.48392,-86.61675,
1625680988,38.891141,-86.849037,1486.0524,A6CD0F,1625677388,39.33321,-86.51877,
1625680988,38.891141,-86.849037,1486.0524,A7D884,1625677388,38.96646,-86.96088,
1625680990,38.891141,-86.849037,1509.79632,ABF78F,1625677390,38.47989,-86.61478,
1625680987,38.891141,-86.849037,1474.59192,AA1F55,1625677387,38.49760,-86.73348,
1625680990,38.891141,-86.849037,1509.79632,A3E5FA,1625677390,38.59804,-87.32007,
1625680992,38.891142,-86.849036,1533.81456,AB68DD,1625677392,39.38147,-87.21423,
1625680992,38.891142,-86.849036,1533.81456,AD4521,1625677392,38.69501,-86.95190,
1625680992,38.891142,-86.849036,1533.81456,AD74F2,1625677392,39.03108,-87.28733,
1625680992,38.891142,-86.849036,1533.81456,ABA3EC,1625677392,39.26253,-87.35773,
1625680994,38.891141,-86.849037,1552.77312,A6CD0F,1625677394,39.33014,-86.52026,
1625680994,38.891141,-86.849037,1552.77312,A16C64,1625677394,38.39392,-87.32518,
1625680994,38.891141,-86.849037,1552.77312,A7D884,1625677394,38.96548,-86.95864,
1625680996,38.891141,-86.849037,1571.91456,A7D43C,1625677396,38.30556,-87.10206,
1625680995,38.891141,-86.849037,1565.33088,AA1F55,1625677395,38.49972,-86.72882,
1625680995,38.891141,-86.849037,1565.33088,AB5346,1625677395,39.19847,-86.75787,
1625680996,38.891141,-86.849037,1571.91456,ABA3EC,1625677396,39.26216,-87.35870,
