1625679357,38.891142,-86.849039,1572.79848,A364EA,1625675757,38.68396,-86.01871,
1625679358,38.891141,-86.849038,1570.45152,AE016D,1625675758,39.11966,-87.52045,
1625679358,38.891141,-86.849038,1570.45152,A3C15D,1625675758,38.89086,-86.44940,
1625679359,38.891142,-86.849037,1566.2148,A3C15D,1625675759,38.88895,-86.44962,
1625679360,38.891142,-86.849036,1561.6428,A364EA,1625675760,38.69202,-86.02289,
1625679360,38.891142,-86.849036,1561.6428,AD74F2,1625675760,39.22906,-87.28955,
1625679361,38.891142,-86.849036,1557.2232,AE016D,1625675761,39.12115,-87.51569,
1625679361,38.891142,-86.849036,1557.2232,A9D59F,1625675761,39.06857,-87.03769,
1625679364,38.891143,-86.849037,1545.7932,ACF207,1625675764,39.45932,-86.64147,
1625679365,38.891144,-86.849036,1541.40408,AE016D,1625675765,39.12474,-87.50419,
1625679365,38.891144,-86.849036,1541.40408,AAE9AF,1625675765,38.55540,-87.49249,
1625679366,38.891144,-86.849036,1536.954,ACF207,1625675766,39.45236,-86.63591,
1625679366,38.891144,-86.849036,1536.954,A781D7,1625675766,39.31430,-85.63171,
1625679358,38.891141,-86.849038,1570.45152,ADFE77,1625675758,39.50758,-85.33063,
1625679366,38.891144,-86.849036,1536.954,A06E11,1625675766,39.51163,-87.36383,
1625679369,38.891144,-86.849036,1525.92024,AD74F2,1625675769,39.22449,-87.29020,
1625679366,38.891144,-86.849036,1536.954,A535C6,1625675766,38.91027,-85.73975,
1625679370,38.891144,-86.849036,1521.31776,A3C15D,1625675770,38.86926,-86.45136,
1625679370,38.891144,-86.849036,1521.31776,A06E11,1625675770,39.51745,-87.35474,
1625679370,38.891144,-86.849036,1521.31776,AAE9AF,1625675770,38.55517,-87.49554,
1625679371,38.891144,-86.849036,1519.09272,A62F6E,1625675771,38.14593,-87.00515,
1625679373,38.891144,-86.849036,1513.72824,A0DADB,1625675773,38.39987,-85.81164,
1625679373,38.891144,-86.849036,1513.72824,AD74F2,1625675773,39.22170,-87.29095,
1625679375,38.891144,-86.849037,1513.9416,A5D3FB,1625675775,39.09984,-87.42269,
1625679375,38.891144,-86.849037,1513.9416,A0DADB,1625675775,38.39773,-85.80925,
1625679375,38.891144,-86.849037,1513.9416,AE016D,1625675775,39.13243,-87.47959,
1625679379,38.891145,-86.849037,1513.88064,ADD66C,1625675779,38.31400,-87.48857,
1625679380,38.891145,-86.849037,1513.88064,A82A58,1625675780,39.55417,-87.70207,
1625679381,38.891145,-86.849038,1513.85016,A5D3FB,1625675781,39.10272,-87.42096,
1625679380,38.891145,-86.849037,1513.88064,A06E11,1625675780,39.52746,-87.33911,
1625679381,38.891145,-86.849038,1513.85016,A3C15D,1625675781,38.84738,-86.45327,
1625679383,38.891145,-86.849037,1514.00256,A62F6E,1625675783,38.14127,-87.00635,
1625679383,38.891145,-86.849037,1514.00256,A781D7,1625675783,39.34209,-85.58740,
1625679384,38.891145,-86.849038,1514.27688,AAE9AF,1625675784,38.55903,-87.50232,
1625679384,38.891145,-86.849038,1514.27688,AD74F2,1625675784,39.21556,-87.29297,
1625679385,38.891145,-86.849038,1514.52072,A0DADB,1625675785,38.39017,-85.80334,
1625679386,38.891145,-86.849038,1514.64264,AE016D,1625675786,39.14014,-87.45483,
1625679387,38.891145,-86.849038,1515.83136,A5D3FB,1625675787,39.10435,-87.42041,
1625679386,38.891145,-86.849038,1514.64264,A535C6,1625675786,38.94717,-85.73844,
1625679391,38.891145,-86.849037,1528.78536,A364EA,1625675791,38.75167,-86.05402,
1625679389,38.891145,-86.849037,1520.61672,AD74F2,1625675789,39.21327,-87.29330,
1625679390,38.891145,-86.849037,1523.87808,A82A58,1625675790,39.55395,-87.70740,
1625679391,38.891145,-86.849037,1528.78536,A06E11,1625675791,39.54440,-87.31256,
1625679391,38.891145,-86.849037,1528.78536,A3C15D,1625675791,38.82774,-86.45494,
1625679391,38.891145,-86.849037,1528.78536,A9D59F,1625675791,39.12666,-87.00366,
1625679393,38.891145,-86.849037,1535.15568,A5D3FB,1625675793,39.10765,-87.41937,
1625679391,38.891145,-86.849037,1528.78536,A62F6E,1625675791,38.13693,-87.00734,
1625679394,38.891145,-86.849037,1539.66672,A9D59F,1625675794,39.13297,-87.00000,
1625679391,38.891145,-86.849037,1528.78536,AAE9AF,1625675791,38.56206,-87.49971,
1625679396,38.891145,-86.849037,1546.12848,AD74F2,1625675796,39.20997,-87.29059,
1625679396,38.891145,-86.849037,1546.12848,AE016D,1625675796,39.14764,-87.43066,
1625679394,38.891145,-86.849037,1539.66672,A82A58,1625675794,39.55381,-87.71039,
1625679396,38.891145,-86.849037,1546.12848,ACF207,1625675796,39.39800,-86.59247,
1625679397,38.891145,-86.849037,1550.0604,A5D3FB,1625675797,39.10923,-87.41888,
1625679397,38.891145,-86.849037,1550.0604,A62F6E,1625675797,38.13499,-87.00778,
1625679398,38.891145,-86.849036,1553.93136,A535C6,1625675798,38.96930,-85.73761,
1625679399,38.891145,-86.849037,1554.96768,AAE9AF,1625675799,38.56133,-87.49464,
1625679400,38.891146,-86.849041,1553.50464,A3C15D,1625675800,38.81214,-86.45636,
1625679401,38.89115,-86.849047,1549.4508,AD74F2,1625675801,39.20934,-87.28769,
1625679401,38.89115,-86.849047,1549.4508,ADD66C,1625675801,38.35822,-87.45707,
1625679401,38.89115,-86.849047,1549.4508,A3C15D,1625675801,38.80930,-86.45660,
1625679400,38.891146,-86.849041,1553.50464,A82A58,1625675800,39.55371,-87.71144,
1625679401,38.89115,-86.849047,1549.4508,A06E11,1625675801,39.56204,-87.28482,
1625679403,38.891159,-86.849062,1540.002,A5D3FB,1625675803,39.11203,-87.41815,
1625679404,38.891163,-86.849067,1535.21664,A9D59F,1625675804,39.15309,-86.98730,
1625679400,38.891146,-86.849041,1553.50464,AAE9AF,1625675800,38.56075,-87.49396,
1625679406,38.891169,-86.849076,1528.20624,AD74F2,1625675806,39.21098,-87.28435,
1625679406,38.891169,-86.849076,1528.20624,AE016D,1625675806,39.15518,-87.40656,
1625679407,38.891172,-86.849082,1523.72568,A62F6E,1625675807,38.12965,-87.00891,
1625679408,38.891176,-86.849089,1518.5136,A5D3FB,1625675808,39.11449,-87.41738,
1625679408,38.891176,-86.849089,1518.5136,A535C6,1625675808,38.99136,-85.73676,
1625679410,38.891182,-86.8491,1511.25936,A0DADB,1625675810,38.37044,-85.79411,
1625679410,38.891182,-86.8491,1511.25936,ADD66C,1625675810,38.37950,-87.44194,
1625679412,38.891191,-86.849113,1501.71912,A06E11,1625675812,39.57568,-87.26339,
1625679412,38.891191,-86.849113,1501.71912,A3C15D,1625675812,38.78975,-86.45837,
1625679412,38.891191,-86.849113,1501.71912,AD74F2,1625675812,39.21405,-87.28351,
1625679413,38.891194,-86.849119,1497.14712,A781D7,1625675813,39.38448,-85.51991,
1625679415,38.891201,-86.849129,1490.50248,A5D3FB,1625675815,39.11714,-87.41654,
1625679414,38.891199,-86.849126,1492.69704,A9D59F,1625675814,39.17268,-86.97119,
1625679415,38.891201,-86.849129,1490.50248,A0DADB,1625675815,38.36655,-85.79259,
1625679419,38.891216,-86.849154,1472.58024,A62F6E,1625675819,38.12442,-87.00981,
1625679417,38.891209,-86.849142,1481.41944,AD74F2,1625675817,39.21635,-87.28363,
1625679414,38.891199,-86.849126,1492.69704,A535C6,1625675814,39.00096,-85.73647,
1625679417,38.891209,-86.849142,1481.41944,A82A58,1625675817,39.55353,-87.72201,
1625679421,38.891224,-86.849167,1463.3448,A364EA,1625675821,38.81423,-86.08679,
1625679421,38.891224,-86.849167,1463.3448,A5D3FB,1625675821,39.12003,-87.41553,
1625679423,38.89123,-86.849178,1455.99912,A06E11,1625675823,39.58528,-87.24829,
1625679423,38.89123,-86.849178,1455.99912,A3C15D,1625675823,38.76996,-86.46014,
1625679423,38.89123,-86.849178,1455.99912,A0DADB,1625675823,38.36000,-85.79007,
1625679423,38.89123,-86.849178,1455.99912,AE016D,1625675823,39.16677,-87.36920,
1625679425,38.891238,-86.849192,1447.038,AD1CFE,1625675825,39.40288,-87.07928,
1625679427,38.891244,-86.849201,1440.21048,A9D59F,1625675827,39.19254,-86.94962,
1625679427,38.891244,-86.849201,1440.21048,AE016D,1625675827,39.17010,-87.35856,
1625679427,38.891244,-86.849201,1440.21048,A364EA,1625675827,38.82660,-86.09329,
1625679427,38.891244,-86.849201,1440.21048,A3C15D,1625675827,38.76045,-86.46097,
1625679428,38.891248,-86.849207,1435.7604,AE016D,1625675828,39.17087,-87.35614,
1625679428,38.891248,-86.849207,1435.7604,A62F6E,1625675828,38.11977,-87.01067,
1625679427,38.891244,-86.849201,1440.21048,ACF207,1625675827,39.34209,-86.54785,
1625679429,38.891251,-86.849212,1431.6456,A364EA,1625675829,38.82884,-86.09442,
1625679430,38.891255,-86.849218,1427.46984,A3C15D,1625675830,38.75595,-86.46136,
1625679431,38.891258,-86.849224,1423.32456,AD74F2,1625675831,39.22482,-87.28339,
1625679431,38.891258,-86.849224,1423.32456,ADD66C,1625675831,38.41807,-87.41437,
1625679431,38.891258,-86.849224,1423.32456,ACF207,1625675831,39.33692,-86.54370,
1625679432,38.891262,-86.849229,1419.27072,A5D3FB,1625675832,39.12437,-87.41397,
1625679432,38.891262,-86.849229,1419.27072,A9D59F,1625675832,39.20015,-86.93951,
1625679433,38.891266,-86.849236,1415.06448,AD74F2,1625675833,39.22636,-87.28351,
1625679434,38.891267,-86.849239,1412.80896,ACF207,1625675834,39.33175,-86.53961,
1625679435,38.891272,-86.849245,1408.35888,A5D3FB,1625675835,39.12553,-87.41351,
1625679436,38.891275,-86.849251,1404.00024,A535C6,1625675836,39.04843,-85.73474,
1625679438,38.891281,-86.849261,1397.56896,A6E7AC,1625675838,39.36099,-87.49243,
1625679439,38.891282,-86.849262,1395.49632,A62F6E,1625675839,38.11506,-87.01154,
1625679439,38.891282,-86.849262,1395.49632,AD74F2,1625675839,39.22993,-87.28399,
1625679440,38.891283,-86.849262,1395.34392,A0DADB,1625675840,38.34634,-85.78531,
1625679440,38.891283,-86.849262,1395.34392,A5D3FB,1625675840,39.12785,-87.41290,
1625679441,38.891283,-86.849263,1395.19152,A3C15D,1625675841,38.73322,-86.46336,
1625679443,38.891282,-86.849264,1395.31344,A5D3FB,1625675843,39.12840,-87.41284,
1625679441,38.891283,-86.849263,1395.19152,A9D59F,1625675841,39.21309,-86.91925,
1625679445,38.891282,-86.849264,1395.10008,AAE9AF,1625675845,38.54958,-87.46814,
1625679446,38.891282,-86.849263,1394.88672,AAE9AF,1625675846,38.54988,-87.46747,
1625679446,38.891282,-86.849263,1394.88672,A535C6,1625675846,39.06450,-85.73413,
1625679446,38.891282,-86.849263,1394.88672,ADD66C,1625675846,38.44624,-87.39423,
1625679448,38.891282,-86.849264,1395.13056,A5D3FB,1625675848,39.13051,-87.41350,
1625679447,38.891282,-86.849264,1394.94768,A6E7AC,1625675847,39.36232,-87.48915,
1625679447,38.891282,-86.849264,1394.94768,AD74F2,1625675847,39.23186,-87.28411,
1625679448,38.891282,-86.849264,1395.13056,A869BC,1625675848,37.79370,-87.14110,
1625679448,38.891282,-86.849264,1395.13056,A0DADB,1625675848,38.33949,-85.78316,
1625679450,38.891282,-86.849263,1395.16104,A62F6E,1625675850,38.11034,-87.01230,
1625679450,38.891282,-86.849263,1395.16104,AAE9AF,1625675850,38.55093,-87.46558,
1625679450,38.891282,-86.849263,1395.16104,AD74F2,1625675850,39.23618,-87.28430,
1625679450,38.891282,-86.849263,1395.16104,ADD66C,1625675850,38.45173,-87.39032,
1625679452,38.891282,-86.849263,1395.46584,A3C15D,1625675852,38.71275,-86.46515,
1625679452,38.891282,-86.849263,1395.46584,A9D59F,1625675852,39.22636,-86.89260,
1625679454,38.891282,-86.849263,1395.40488,A5D3FB,1625675854,39.13200,-87.41516,
1625679456,38.891282,-86.849262,1395.43536,A66223,1625675856,38.78929,-87.35158,
1625679456,38.891282,-86.849262,1395.43536,AAE9AF,1625675856,38.55469,-87.46389,
1625679455,38.891282,-86.849263,1395.40488,AD74F2,1625675855,39.23790,-87.28442,
1625679457,38.891282,-86.849262,1395.46584,A535C6,1625675857,39.07646,-85.73370,
1625679457,38.891282,-86.849262,1395.46584,A62F6E,1625675857,38.10722,-87.01283,
1625679458,38.891282,-86.849262,1395.43536,A869BC,1625675858,37.79157,-87.14570,
1625679458,38.891282,-86.849262,1395.43536,A535C6,1625675858,39.09243,-85.73315,
1625679459,38.891282,-86.849261,1395.34392,AE016D,1625675859,39.19149,-87.28949,
1625679459,38.891282,-86.849261,1395.34392,A5D3FB,1625675859,39.13289,-87.41684,
1625679460,38.891282,-86.849263,1395.3744,A06E11,1625675860,39.63817,-87.15245,
1625679460,38.891282,-86.849263,1395.3744,A364EA,1625675860,38.89348,-86.12833,
1625679462,38.891283,-86.849264,1395.19152,A66223,1625675862,38.78742,-87.34808,
1625679461,38.891282,-86.849264,1395.3744,AAE9AF,1625675861,38.55750,-87.46552,
1625679462,38.891283,-86.849264,1395.19152,A3C15D,1625675862,38.69238,-86.46694,
1625679463,38.891283,-86.849264,1395.28296,A66223,1625675863,38.78682,-87.34710,
1625679463,38.891283,-86.849264,1395.28296,A9D59F,1625675863,39.23572,-86.86761,
1625679461,38.891282,-86.849264,1395.3744,A6E7AC,1625675861,39.36685,-87.47900,
1625679465,38.891282,-86.849264,1395.3744,A5D3FB,1625675865,39.13372,-87.41919,
1625679465,38.891282,-86.849264,1395.3744,ACF207,1625675865,39.27868,-86.49707,
1625679465,38.891282,-86.849264,1395.3744,A82A58,1625675865,39.53806,-87.73610,
1625679466,38.891282,-86.849263,1395.31344,A62F6E,1625675866,38.10431,-87.01357,
1625679458,38.891282,-86.849262,1395.43536,AD74F2,1625675858,39.24042,-87.28448,
1625679468,38.891282,-86.849263,1395.19152,A535C6,1625675868,39.11403,-85.73236,
1625679470,38.891282,-86.849263,1395.13056,A5D3FB,1625675870,39.13408,-87.42090,
1625679471,38.891282,-86.849263,1395.16104,A8FD2C,1625675871,39.59848,-85.72333,
1625679471,38.891282,-86.849263,1395.16104,A06E11,1625675871,39.64593,-87.12775,
1625679465,38.891282,-86.849264,1395.3744,A66223,1625675865,38.78611,-87.34601,
1625679472,38.891282,-86.849263,1395.10008,A82A58,1625675872,39.53503,-87.73795,
1625679473,38.891282,-86.849263,1394.94768,A9D59F,1625675873,39.24261,-86.84277,
1625679473,38.891282,-86.849263,1394.94768,A3C15D,1625675873,38.67155,-86.46885,
1625679473,38.891282,-86.849263,1394.94768,A6E7AC,1625675873,39.36909,-87.47404,
1625679475,38.891281,-86.849263,1395.13056,A5D3FB,1625675875,39.13442,-87.42328,
1625679474,38.891282,-86.849263,1395.0696,A62F6E,1625675874,38.10059,-87.01458,
1625679478,38.891281,-86.849263,1395.25248,A5A11E,1625675878,38.10072,-87.55578,
1625679478,38.891281,-86.849263,1395.25248,A82A58,1625675878,39.53291,-87.73914,
1625679474,38.891282,-86.849263,1395.0696,AD74F2,1625675874,39.25029,-87.28412,
1625679480,38.891281,-86.849263,1395.25248,A535C6,1625675880,39.13596,-85.73157,
1625679480,38.891281,-86.849263,1395.25248,ADD66C,1625675880,38.50419,-87.35284,
1625679481,38.891282,-86.849262,1395.25248,A5D3FB,1625675881,39.13479,-87.42664,
1625679484,38.891282,-86.849263,1395.25248,A9D59F,1625675884,39.24940,-86.81097,
1625679484,38.891282,-86.849263,1395.25248,A62F6E,1625675884,38.09532,-87.01657,
1625679484,38.891282,-86.849263,1395.25248,A3C15D,1625675884,38.64999,-86.47076,
1625679480,38.891281,-86.849263,1395.25248,A5A11E,1625675880,38.10251,-87.55449,
1625679484,38.891282,-86.849263,1395.25248,A82A58,1625675884,39.53156,-87.73993,
1625679480,38.891281,-86.849263,1395.25248,A6E7AC,1625675880,39.37047,-87.47082,
1625679484,38.891282,-86.849263,1395.25248,AD74F2,1625675884,39.25615,-87.28400,
1625679485,38.891282,-86.849263,1395.222,A781D7,1625675885,39.48331,-85.36174,
1625679485,38.891282,-86.849263,1395.222,AC391E,1625675885,38.09155,-87.73359,
1625679487,38.891282,-86.849262,1395.222,A5D3FB,1625675887,39.13507,-87.42871,
1625679489,38.891281,-86.849262,1395.28296,AE016D,1625675889,39.21227,-87.22213,
1625679488,38.891281,-86.849262,1395.25248,A62F6E,1625675888,38.09300,-87.01739,
1625679488,38.891281,-86.849262,1395.25248,A82A58,1625675888,39.52969,-87.74103,
1625679488,38.891281,-86.849262,1395.25248,AD74F2,1625675888,39.25845,-87.28441,
1625679492,38.891281,-86.849263,1395.31344,AAE9AF,1625675892,38.56988,-87.48199,
1625679492,38.891281,-86.849263,1395.31344,A06E11,1625675892,39.65469,-87.08176,
1625679492,38.891281,-86.849263,1395.31344,ADD66C,1625675892,38.52547,-87.33716,
1625679492,38.891281,-86.849263,1395.31344,A364EA,1625675892,38.95617,-86.16144,
1625679492,38.891281,-86.849263,1395.31344,ADD66C,1625675892,38.52719,-87.33575,
1625679493,38.891281,-86.849263,1395.25248,A5D3FB,1625675893,39.13554,-87.43135,
1625679494,38.891281,-86.849263,1395.3744,A9D59F,1625675894,39.25392,-86.78345,
1625679494,38.891281,-86.849263,1395.3744,A3C15D,1625675894,38.62898,-86.47267,
1625679494,38.891281,-86.849263,1395.3744,ADD66C,1625675894,38.53105,-87.33240,
1625679496,38.891282,-86.849263,1395.34392,A3C15D,1625675896,38.62495,-86.47303,
1625679498,38.891281,-86.849263,1395.222,A9D59F,1625675898,39.25531,-86.77283,
1625679497,38.891282,-86.849263,1395.31344,A5D3FB,1625675897,39.13591,-87.43292,
1625679498,38.891281,-86.849263,1395.222,A364EA,1625675898,38.96846,-86.16791,
1625679498,38.891281,-86.849263,1395.222,ADD66C,1625675898,38.53510,-87.32865,
1625679498,38.891281,-86.849263,1395.222,AE016D,1625675898,39.21858,-87.20160,
1625679498,38.891281,-86.849263,1395.222,A3C15D,1625675898,38.61983,-86.47345,
1625679499,38.891282,-86.849264,1395.19152,A535C6,1625675899,39.17441,-85.73010,
1625679500,38.891282,-86.849263,1395.19152,ADD66C,1625675900,38.53948,-87.32416,
1625679500,38.891282,-86.849263,1395.19152,AE016D,1625675900,39.21984,-87.19739,
1625679500,38.891282,-86.849263,1395.19152,A364EA,1625675900,38.97464,-86.17120,
1625679500,38.891282,-86.849263,1395.19152,ADD66C,1625675900,38.54095,-87.32256,
1625679500,38.891282,-86.849263,1395.19152,A3C15D,1625675900,38.61578,-86.47382,
1625679502,38.891282,-86.849263,1395.16104,AAE9AF,1625675902,38.57197,-87.48846,
1625679501,38.891282,-86.849263,1395.19152,ADD66C,1625675901,38.54162,-87.32178,
1625679502,38.891282,-86.849263,1395.16104,A62F6E,1625675902,38.08667,-87.01924,
1625679503,38.891282,-86.849263,1395.28296,A5D3FB,1625675903,39.13632,-87.43499,
1625679502,38.891282,-86.849263,1395.16104,50015A,1625675902,38.23911,-85.72427,
1625679504,38.891282,-86.849263,1395.25248,AD74F2,1625675904,39.25548,-87.29032,
1625679504,38.891282,-86.849263,1395.25248,ADD66C,1625675904,38.54614,-87.31647,
1625679506,38.891281,-86.849273,1394.82576,71C347,1625675906,38.11274,-86.81940,
1625679507,38.89128,-86.849293,1393.63704,AD74F2,1625675907,39.25388,-87.29026,
1625679506,38.891281,-86.849273,1394.82576,AAE9AF,1625675906,38.57149,-87.49177,
1625679507,38.89128,-86.849293,1393.63704,ADD66C,1625675907,38.55025,-87.31116,
1625679508,38.89128,-86.849309,1392.4788,AD74F2,1625675908,39.25303,-87.29028,
1625679508,38.89128,-86.849309,1392.4788,A06E11,1625675908,39.65957,-87.02380,
1625679509,38.891279,-86.849352,1389.64416,A5D3FB,1625675909,39.13675,-87.43768,
1625679508,38.89128,-86.849309,1392.4788,ADD66C,1625675908,38.55290,-87.30751,
1625679509,38.891279,-86.849352,1389.64416,A535C6,1625675909,39.19524,-85.72936,
1625679510,38.89128,-86.849404,1386.29136,71C347,1625675910,38.12251,-86.82600,
1625679510,38.89128,-86.849404,1386.29136,AC391E,1625675910,38.12880,-87.70272,
1625679512,38.891284,-86.849476,1380.46968,A3C15D,1625675912,38.59415,-86.47566,
1625679514,38.891288,-86.849567,1375.16616,A5D3FB,1625675914,39.13716,-87.44006,
1625679516,38.891284,-86.849632,1371.38664,AD74F2,1625675916,39.24870,-87.29041,
1625679515,38.891287,-86.849589,1373.79456,AB5257,1625675915,39.87039,-87.01888,
1625679510,38.89128,-86.849404,1386.29136,A82A58,1625675910,39.52213,-87.74553,
1625679518,38.89128,-86.849693,1367.69856,ADD66C,1625675918,38.56416,-87.28859,
1625679521,38.891278,-86.849823,1360.53576,AD74F2,1625675921,39.24586,-87.29016,
1625679522,38.891278,-86.849867,1357.85352,A3C15D,1625675922,38.57174,-86.47766,
1625679522,38.891278,-86.849867,1357.85352,A5D3FB,1625675922,39.13747,-87.44174,
1625679527,38.891281,-86.85007,1345.96632,AD74F2,1625675927,39.24275,-87.28986,
1625679528,38.891281,-86.850115,1343.19264,A06E11,1625675928,39.66209,-86.96893,
1625679528,38.891281,-86.850115,1343.19264,A9D59F,1625675928,39.26467,-86.69031,
1625679530,38.891282,-86.850183,1339.50456,ACF207,1625675930,39.16338,-86.40526,
1625679530,38.891282,-86.850183,1339.50456,ADD66C,1625675930,38.57640,-87.25964,
1625679530,38.891282,-86.850183,1339.50456,AE016D,1625675930,39.24161,-87.12648,
1625679527,38.891281,-86.85007,1345.96632,A5D3FB,1625675927,39.13751,-87.44460,
1625679532,38.891283,-86.850273,1334.53632,A364EA,1625675932,39.03442,-86.20273,
1625679532,38.891283,-86.850273,1334.53632,AD74F2,1625675932,39.23991,-87.28954,
1625679532,38.891283,-86.850273,1334.53632,A3C15D,1625675932,38.55157,-86.47942,
1625679534,38.891284,-86.850343,1330.51296,ADD66C,1625675934,38.57956,-87.24939,
1625679539,38.891285,-86.850576,1316.1264,AD74F2,1625675939,39.23651,-87.28912,
1625679508,38.89128,-86.849309,1392.4788,A781D7,1625675908,39.51629,-85.30878,
1625679539,38.891285,-86.850576,1316.1264,ADD66C,1625675939,38.58268,-87.23737,
1625679541,38.891287,-86.850642,1312.22496,71C347,1625675941,38.18367,-86.86744,
1625679543,38.891286,-86.850733,1306.34232,A3C15D,1625675943,38.52929,-86.48138,
1625679544,38.891287,-86.850779,1303.84296,AD74F2,1625675944,39.23362,-87.28918,
1625679546,38.891287,-86.850869,1298.50896,AB5257,1625675946,39.80443,-86.96353,
1625679549,38.891289,-86.850983,1291.98624,A97CC1,1625675949,39.48291,-87.15106,
1625679550,38.89129,-86.851028,1289.54784,ADD66C,1625675950,38.58957,-87.20764,
1625679554,38.89129,-86.851192,1280.22096,A3C15D,1625675954,38.50800,-86.48330,
1625679554,38.89129,-86.851192,1280.22096,AD74F2,1625675954,39.22836,-87.28973,
1625679554,38.89129,-86.851192,1280.22096,A62F6E,1625675954,38.06511,-87.02557,
1625679557,38.891291,-86.851331,1272.44856,A06E11,1625675957,39.66426,-86.89003,
1625679557,38.891291,-86.851331,1272.44856,A9D59F,1625675957,39.27431,-86.60852,
1625679560,38.891292,-86.851429,1266.26112,AD74F2,1625675960,39.22540,-87.29050,
1625679560,38.891292,-86.851429,1266.26112,ACF207,1625675960,39.10560,-86.35956,
1625679560,38.891292,-86.851429,1266.26112,AE016D,1625675960,39.26216,-87.05937,
1625679561,38.891294,-86.851495,1262.11584,A364EA,1625675961,39.09425,-86.23438,
1625679564,38.891294,-86.851606,1255.68456,A3C15D,1625675964,38.49712,-86.48425,
1625679561,38.891294,-86.851495,1262.11584,A62F6E,1625675961,38.06064,-87.02682,
1625679568,38.891301,-86.851663,1254.37392,ACF207,1625675968,39.09320,-86.34967,
1625679569,38.891304,-86.851653,1253.12424,71C347,1625675969,38.24162,-86.90676,
1625679570,38.89131,-86.851632,1250.5944,AD74F2,1625675970,39.21979,-87.29144,
1625679570,38.89131,-86.851632,1250.5944,ADD66C,1625675970,38.60163,-87.15692,
1625679570,38.89131,-86.851632,1250.5944,A3C15D,1625675970,38.47631,-86.48602,
1625679572,38.891323,-86.851585,1243.79736,A9D59F,1625675972,39.27969,-86.56343,
1625679572,38.891323,-86.851585,1243.79736,71C347,1625675972,38.24730,-86.91056,
1625679573,38.891329,-86.851553,1239.53016,AD74F2,1625675973,39.21826,-87.29108,
1625679573,38.891329,-86.851553,1239.53016,A364EA,1625675973,39.11906,-86.24750,
1625679573,38.891329,-86.851553,1239.53016,ACF207,1625675973,39.08276,-86.34137,
1625679578,38.891362,-86.851431,1223.86344,A9D59F,1625675978,39.28166,-86.54688,
1625679578,38.891362,-86.851431,1223.86344,AE016D,1625675978,39.27454,-87.01892,
1625679567,38.891299,-86.851664,1254.49584,A97CC1,1625675967,39.48335,-87.13651,
1625679579,38.891366,-86.851418,1222.30896,AD74F2,1625675979,39.21561,-87.29080,
1625679580,38.891375,-86.851391,1219.29144,A3C15D,1625675980,38.45811,-86.48761,
1625679582,38.891392,-86.851337,1212.342,ADD66C,1625675982,38.60916,-87.12588,
1625679582,38.891392,-86.851337,1212.342,A3C15D,1625675982,38.44889,-86.48846,
1625679583,38.8914,-86.851311,1208.80632,A97CC1,1625675983,39.48058,-87.13446,
1625679584,38.891404,-86.851298,1207.1604,A06E11,1625675984,39.66660,-86.80334,
1625679585,38.891412,-86.851272,1203.83808,AD74F2,1625675985,39.21309,-87.29068,
1625679585,38.891412,-86.851272,1203.83808,AE016D,1625675985,39.28130,-86.99667,
1625679585,38.891412,-86.851272,1203.83808,ACF207,1625675985,39.06063,-86.32379,
1625679585,38.891412,-86.851272,1203.83808,A06E11,1625675985,39.66669,-86.80047,
1625679586,38.89142,-86.851247,1200.48528,A364EA,1625675986,39.14511,-86.26130,
1625679586,38.89142,-86.851247,1200.48528,A3C15D,1625675986,38.44046,-86.48920,
1625679587,38.891429,-86.851222,1197.37632,A06E11,1625675987,39.66673,-86.79760,
1625679589,38.891445,-86.851171,1191.21936,AAE9AF,1625675989,38.55276,-87.46186,
1625679589,38.891445,-86.851171,1191.21936,A62F6E,1625675989,38.04822,-87.03024,
1625679585,38.891412,-86.851272,1203.83808,A97CC1,1625675985,39.48091,-87.13544,
1625679590,38.891453,-86.851146,1187.8056,AD74F2,1625675990,39.20984,-87.29050,
1625679590,38.891453,-86.851146,1187.8056,A364EA,1625675990,39.15471,-86.26636,
1625679592,38.891465,-86.851107,1182.9288,A66223,1625675992,38.74411,-87.26022,
1625679592,38.891465,-86.851107,1182.9288,AB5257,1625675992,39.71753,-86.89081,
1625679590,38.891453,-86.851146,1187.8056,A5A11E,1625675990,38.20770,-87.47458,
1625679592,38.891465,-86.851107,1182.9288,A9D59F,1625675992,39.28606,-86.50975,
1625679593,38.891473,-86.85108,1179.66744,A62F6E,1625675993,38.04671,-87.03071,
1625679593,38.891473,-86.85108,1179.66744,AB5257,1625675993,39.71376,-86.88763,
1625679594,38.891477,-86.851067,1177.93008,AAE9AF,1625675994,38.55531,-87.46289,
1625679594,38.891477,-86.851067,1177.93008,A8E6E2,1625675994,39.79266,-86.18619,
1625679595,38.891485,-86.851041,1174.57728,A2B991,1625675995,39.77087,-86.08606,
1625679595,38.891485,-86.851041,1174.57728,AD74F2,1625675995,39.20737,-87.29014,
1625679596,38.891493,-86.851015,1170.91968,AE016D,1625675996,39.28844,-86.97339,
1625679597,38.8915,-86.850988,1167.32304,A66223,1625675997,38.74434,-87.25521,
1625679597,38.8915,-86.850988,1167.32304,A3C15D,1625675997,38.41849,-86.49109,
1625679599,38.891512,-86.850949,1162.05,A535C6,1625675999,39.37697,-85.72268,
1625679599,38.891512,-86.850949,1162.05,AE016D,1625675999,39.29167,-86.96271,
1625679596,38.891493,-86.851015,1170.91968,AAE9AF,1625675996,38.55666,-87.46401,
1625679602,38.891537,-86.85087,1151.44296,AD74F2,1625676002,39.20412,-87.28811,
1625679602,38.891537,-86.85087,1151.44296,AE016D,1625676002,39.29344,-86.95685,
1625679602,38.891537,-86.85087,1151.44296,A66223,1625676002,38.74440,-87.25360,
1625679602,38.891537,-86.85087,1151.44296,71C347,1625676002,38.30816,-86.95189,
1625679603,38.891544,-86.850843,1147.90728,A5A11E,1625676003,38.22212,-87.46578,
1625679603,38.891544,-86.850843,1147.90728,A62F6E,1625676003,38.04291,-87.03196,
1625679601,38.891528,-86.850897,1155.07008,A2B991,1625676001,39.77298,-86.08606,
1625679607,38.891573,-86.850745,1134.7704,A5A11E,1625676007,38.23279,-87.45894,
1625679607,38.891573,-86.850745,1134.7704,AD74F2,1625676007,39.20131,-87.28632,
1625679607,38.891573,-86.850745,1134.7704,A3C15D,1625676007,38.39801,-86.49285,
1625679609,38.891585,-86.850703,1129.10112,A66223,1625676009,38.74440,-87.24780,
1625679610,38.891593,-86.850676,1125.474,A5D3FB,1625676010,39.11298,-87.44837,
1625679610,38.891593,-86.850676,1125.474,A535C6,1625676010,39.39171,-85.72208,
1625679611,38.891602,-86.850649,1121.87736,A5D3FB,1625676011,39.11282,-87.44836,
1625679611,38.891602,-86.850649,1121.87736,A5A11E,1625676011,38.23549,-87.45713,
1625679612,38.891611,-86.850621,1118.18928,A5D3FB,1625676012,39.11235,-87.44836,
1625679612,38.891611,-86.850621,1118.18928,AE016D,1625676012,39.30042,-86.93402,
1625679612,38.891611,-86.850621,1118.18928,ADD66C,1625676012,38.62761,-87.04826,
1625679613,38.891618,-86.850592,1114.56216,A5D3FB,1625676013,39.11203,-87.44836,
1625679613,38.891618,-86.850592,1114.56216,AD74F2,1625676013,39.19853,-87.28578,
1625679614,38.891627,-86.850563,1110.72168,A5D3FB,1625676014,39.11170,-87.44836,
1625679614,38.891627,-86.850563,1110.72168,A62F6E,1625676014,38.03723,-87.03404,
1625679615,38.891631,-86.850548,1108.77096,A5D3FB,1625676015,39.11124,-87.44843,
1625679615,38.891631,-86.850548,1108.77096,A66223,1625676015,38.74464,-87.23944,
1625679615,38.891631,-86.850548,1108.77096,ACF207,1625676015,39.00859,-86.28247,
1625679615,38.891631,-86.850548,1108.77096,A5D3FB,1625676015,39.11124,-87.44843,
1625679616,38.89164,-86.850519,1104.99144,A5D3FB,1625676016,39.11068,-87.44836,
1625679618,38.891654,-86.850475,1099.20024,A5D3FB,1625676018,39.11018,-87.44837,
1625679618,38.891654,-86.850475,1099.20024,A06E11,1625676018,39.66902,-86.71112,
1625679618,38.891654,-86.850475,1099.20024,AD74F2,1625676018,39.19522,-87.28613,
1625679618,38.891654,-86.850475,1099.20024,A3C15D,1625676018,38.37804,-86.49464,
1625679618,38.891654,-86.850475,1099.20024,A2B991,1625676018,39.79330,-86.09496,
1625679618,38.891654,-86.850475,1099.20024,A62F6E,1625676018,38.03476,-87.03474,
1625679620,38.891669,-86.850427,1093.25664,A97CC1,1625676020,39.47411,-87.14728,
1625679620,38.891669,-86.850427,1093.25664,A5D3FB,1625676020,39.10950,-87.44837,
1625679620,38.891669,-86.850427,1093.25664,A535C6,1625676020,39.41936,-85.72113,
1625679620,38.891669,-86.850427,1093.25664,A364EA,1625676020,39.21584,-86.29886,
1625679621,38.891678,-86.850394,1088.86752,A5A11E,1625676021,38.24515,-87.45018,
1625679622,38.891688,-86.850362,1084.9356,A5D3FB,1625676022,39.10858,-87.44836,
1625679622,38.891688,-86.850362,1084.9356,A9D59F,1625676022,39.29633,-86.42145,
1625679623,38.891693,-86.850346,1082.83248,AE016D,1625676023,39.30890,-86.90604,
1625679623,38.891693,-86.850346,1082.83248,A5D3FB,1625676023,39.10826,-87.44830,
1625679623,38.891693,-86.850346,1082.83248,A66223,1625676023,38.74471,-87.23180,
1625679624,38.891703,-86.850314,1078.56528,AB5257,1625676024,39.65598,-86.83934,
1625679624,38.891703,-86.850314,1078.56528,AD74F2,1625676024,39.19235,-87.28614,
1625679625,38.891713,-86.850281,1074.23712,A97CC1,1625676025,39.47214,-87.14391,
1625679625,38.891713,-86.850281,1074.23712,50015A,1625676025,38.10017,-86.00098,
1625679627,38.891727,-86.850233,1067.95824,A5D3FB,1625676027,39.10751,-87.44830,
1625679627,38.891727,-86.850233,1067.95824,A97CC1,1625676027,39.47188,-87.14337,
1625679627,38.891727,-86.850233,1067.95824,A5D3FB,1625676027,39.10721,-87.44825,
1625679629,38.891742,-86.850183,1061.22216,A5D3FB,1625676029,39.10648,-87.44819,
1625679628,38.891732,-86.850217,1065.82464,A3C15D,1625676028,38.36784,-86.49548,
1625679629,38.891742,-86.850183,1061.22216,A62F6E,1625676029,38.03078,-87.03574,
1625679630,38.891747,-86.850167,1059.11904,AD74F2,1625676030,39.18958,-87.28577,
1625679630,38.891747,-86.850167,1059.11904,A535C6,1625676030,39.44194,-85.72021,
1625679631,38.891756,-86.850135,1055.0652,A06E11,1625676031,39.66998,-86.67473,
1625679632,38.891765,-86.850105,1051.2552,A5A11E,1625676032,38.26245,-87.43708,
1625679631,38.891756,-86.850135,1055.0652,A97CC1,1625676031,39.47043,-87.13959,
1625679634,38.89178,-86.850059,1045.43352,AE016D,1625676034,39.31686,-86.87982,
1625679634,38.89178,-86.850059,1045.43352,71C347,1625676034,38.37076,-86.99454,
1625679629,38.891742,-86.850183,1061.22216,A5B0AF,1625676029,38.05984,-88.71273,
1625679632,38.891765,-86.850105,1051.2552,A5D3FB,1625676032,39.10607,-87.44806,
1625679634,38.89178,-86.850059,1045.43352,A66223,1625676034,38.74478,-87.22913,
1625679637,38.891801,-86.849988,1036.13712,ADD66C,1625676037,38.64292,-86.98291,
1625679638,38.891809,-86.84996,1032.51,A97CC1,1625676038,39.46953,-87.13472,
1625679638,38.891809,-86.84996,1032.51,71C347,1625676038,38.38064,-87.00133,
1625679638,38.891809,-86.84996,1032.51,A364EA,1625676038,39.25154,-86.31787,
1625679638,38.891809,-86.84996,1032.51,AD74F2,1625676038,39.18507,-87.28510,
1625679638,38.891809,-86.84996,1032.51,AE016D,1625676038,39.32021,-86.86871,
1625679640,38.891827,-86.8499,1024.76808,71C347,1625676040,38.38265,-87.00270,
1625679640,38.891827,-86.8499,1024.76808,AE016D,1625676040,39.32126,-86.86525,
1625679640,38.891827,-86.8499,1024.76808,A62F6E,1625676040,38.02542,-87.03714,
1625679641,38.891835,-86.849871,1020.95808,A97CC1,1625676041,39.46913,-87.13177,
1625679641,38.891835,-86.849871,1020.95808,A06E11,1625676041,39.67075,-86.64343,
1625679641,38.891835,-86.849871,1020.95808,AD74F2,1625676041,39.18330,-87.28485,
1625679638,38.891809,-86.84996,1032.51,AAE9AF,1625676038,38.57258,-87.48975,
1625679641,38.891835,-86.849871,1020.95808,ADD66C,1625676041,38.64576,-86.97064,
1625679643,38.891854,-86.849814,1013.03328,AB5257,1625676043,39.62013,-86.80943,
1625679643,38.891854,-86.849814,1013.03328,71C347,1625676043,38.38953,-87.00739,
1625679642,38.891845,-86.849842,1017.02616,A9D59F,1625676042,39.30289,-86.36481,
1625679644,38.891858,-86.8498,1011.08256,A9D59F,1625676044,39.30322,-86.36169,
1625679645,38.891866,-86.849771,1007.18112,AB5257,1625676045,39.61232,-86.80298,
1625679645,38.891866,-86.849771,1007.18112,A66223,1625676045,38.74426,-87.21283,
1625679645,38.891866,-86.849771,1007.18112,A97CC1,1625676045,39.46876,-87.12891,
1625679647,38.891884,-86.849713,999.83544,AD74F2,1625676047,39.18059,-87.28459,
1625679646,38.891875,-86.849743,1003.43208,AC263D,1625676046,39.53645,-86.03883,
1625679647,38.891884,-86.849713,999.83544,A7F27A,1625676047,39.48831,-87.52173,
1625679648,38.891892,-86.849684,995.87304,A6E7AC,1625676048,39.41853,-87.37051,
1625679649,38.891897,-86.849668,993.86136,A5A11E,1625676049,38.28153,-87.42024,
1625679648,38.891892,-86.849684,995.87304,AD1CFE,1625676048,39.50510,-86.95870,
1625679649,38.891897,-86.849668,993.86136,AE016D,1625676049,39.32904,-86.83958,
1625679650,38.891905,-86.849639,990.17328,A62F6E,1625676050,38.02084,-87.03837,
1625679651,38.891914,-86.849609,986.24136,A3C15D,1625676051,38.30644,-86.50085,
1625679651,38.891914,-86.849609,986.24136,A06E11,1625676051,39.67149,-86.61578,
1625679652,38.891919,-86.849594,984.13824,A66223,1625676052,38.74384,-87.20804,
1625679652,38.891919,-86.849594,984.13824,AA96BE,1625676052,39.97166,-87.28032,
1625679652,38.891919,-86.849594,984.13824,AD74F2,1625676052,39.17734,-87.28442,
1625679651,38.891914,-86.849609,986.24136,AC263D,1625676051,39.53621,-86.03448,
1625679653,38.891928,-86.849565,980.48064,A3C15D,1625676053,38.30424,-86.50109,
1625679654,38.891937,-86.849536,976.45728,A535C6,1625676054,39.49213,-85.71844,
1625679655,38.891946,-86.849508,972.4644,A6E7AC,1625676055,39.42027,-87.36764,
1625679657,38.891963,-86.849448,964.692,A66223,1625676057,38.74524,-87.20667,
1625679657,38.891963,-86.849448,964.692,ACF207,1625676057,38.93196,-86.22180,
1625679658,38.891972,-86.849417,960.63816,A5A11E,1625676058,38.29313,-87.40944,
1625679659,38.891982,-86.849386,956.43192,AD74F2,1625676059,39.17371,-87.28455,
1625679657,38.891963,-86.849448,964.692,AD1CFE,1625676057,39.50620,-86.95732,
1625679660,38.891987,-86.84937,954.3288,AE016D,1625676060,39.33767,-86.81104,
1625679660,38.891987,-86.84937,954.3288,A62F6E,1625676060,38.01553,-87.03960,
1625679662,38.892005,-86.849309,946.06872,AB5257,1625676062,39.58346,-86.77893,
1625679661,38.891996,-86.84934,950.42736,AC391E,1625676061,38.41965,-87.46173,
1625679662,38.892005,-86.849309,946.06872,A364EA,1625676062,39.30020,-86.34376,
1625679662,38.892005,-86.849309,946.06872,A66223,1625676062,38.74743,-87.20758,
1625679662,38.892005,-86.849309,946.06872,AA96BE,1625676062,39.94643,-87.27631,
1625679660,38.891987,-86.84937,954.3288,AC263D,1625676060,39.53709,-86.02594,
1625679665,38.892027,-86.849234,936.37608,A3C15D,1625676065,38.28191,-86.50300,
1625679664,38.892018,-86.849265,940.39944,A6E7AC,1625676064,39.42369,-87.36194,
1625679664,38.892018,-86.849265,940.39944,A34F7F,1625676064,38.39042,-85.74763,
1625679665,38.892027,-86.849234,936.37608,AD1CFE,1625676065,39.51307,-86.94910,
1625679667,38.89204,-86.849188,930.37152,AD1CFE,1625676067,39.51366,-86.94837,
1625679668,38.89205,-86.849158,926.4396,A66223,1625676068,38.74831,-87.21179,
1625679666,38.892036,-86.849203,932.32224,AD74F2,1625676066,39.16956,-87.28459,
1625679668,38.89205,-86.849158,926.4396,AD1CFE,1625676068,39.51398,-86.94807,
1625679670,38.892064,-86.849111,920.55696,A34F7F,1625676070,38.38916,-85.75068,
1625679670,38.892064,-86.849111,920.55696,A5A11E,1625676070,38.30534,-87.39940,
1625679669,38.89206,-86.849126,922.59912,AC391E,1625676069,38.43228,-87.45117,
1625679669,38.89206,-86.849126,922.59912,A535C6,1625676069,39.50674,-85.71784,
1625679669,38.89206,-86.849126,922.59912,A6E7AC,1625676069,39.42514,-87.35968,
1625679670,38.892064,-86.849111,920.55696,AE016D,1625676070,39.34553,-86.78503,
1625679670,38.892064,-86.849111,920.55696,A62F6E,1625676070,38.01097,-87.04062,
1625679671,38.892073,-86.849081,916.686,A12FF9,1625676071,39.82786,-87.02563,
1625679672,38.892083,-86.849051,912.7236,ADD66C,1625676072,38.66386,-86.89260,
1625679673,38.892091,-86.849023,909.03552,71C347,1625676073,38.45219,-87.05011,
1625679675,38.892107,-86.848967,900.89736,50015A,1625676075,38.05536,-86.08963,
1625679673,38.892091,-86.849023,909.03552,A9D59F,1625676073,39.31284,-86.27659,
1625679675,38.892107,-86.848967,900.89736,A34F7F,1625676075,38.38502,-85.75731,
1625679677,38.892119,-86.848924,895.31952,A5D3FB,1625676077,39.10504,-87.42987,
1625679676,38.892111,-86.848953,899.09904,A6E7AC,1625676076,39.42732,-87.35638,
1625679677,38.892119,-86.848924,895.31952,A7F27A,1625676077,39.43407,-87.48590,
1625679677,38.892119,-86.848924,895.31952,A34F7F,1625676077,38.38372,-85.75898,
1625679668,38.89205,-86.849158,926.4396,A66223,1625676068,38.74832,-87.21216,
1625679677,38.892119,-86.848924,895.31952,AD74F2,1625676077,39.16402,-87.28441,
1625679680,38.892156,-86.848878,883.158,AA96BE,1625676080,39.91003,-87.27049,
1625679680,38.892156,-86.848878,883.158,A5A11E,1625676080,38.31840,-87.38979,
1625679679,38.892141,-86.848883,887.21184,AC391E,1625676079,38.45359,-87.43335,
1625679679,38.892141,-86.848883,887.21184,A535C6,1625676079,39.54428,-85.71641,
1625679680,38.892156,-86.848878,883.158,AE016D,1625676080,39.35399,-86.75700,
1625679675,38.892107,-86.848967,900.89736,A62F6E,1625676075,38.01023,-87.04074,
1625679680,38.892156,-86.848878,883.158,A12FF9,1625676080,39.82736,-87.01058,
1625679680,38.892156,-86.848878,883.158,A5D3FB,1625676080,39.10643,-87.42884,
1625679681,38.892167,-86.848876,878.79936,A3C15D,1625676081,38.24187,-86.50647,
1625679683,38.892181,-86.848873,872.24616,A06E11,1625676083,39.67359,-86.52997,
1625679683,38.892181,-86.848873,872.24616,A34F7F,1625676083,38.38227,-85.76065,
1625679681,38.892167,-86.848876,878.79936,A6E7AC,1625676081,39.42856,-87.35450,
1625679687,38.892216,-86.848866,857.12808,A5D3FB,1625676087,39.10867,-87.42737,
1625679688,38.892228,-86.848866,852.61704,ACF207,1625676088,38.87476,-86.17694,
1625679683,38.892181,-86.848873,872.24616,AD74F2,1625676083,39.16105,-87.28412,
1625679690,38.89225,-86.848864,844.02168,A5A11E,1625676090,38.32933,-87.38222,
1625679690,38.89225,-86.848864,844.02168,AC391E,1625676090,38.46677,-87.42224,
1625679691,38.892255,-86.848864,841.76616,AB5257,1625676091,39.53568,-86.73909,
1625679691,38.892255,-86.848864,841.76616,A364EA,1625676091,39.36017,-86.37577,
1625679688,38.892228,-86.848866,852.61704,AE016D,1625676088,39.36015,-86.73657,
1625679692,38.892269,-86.848862,834.6948,A5D3FB,1625676092,39.10954,-87.42687,
1625679692,38.892269,-86.848862,834.6948,A3C15D,1625676092,38.22304,-86.50810,
1625679693,38.892276,-86.848861,832.5612,AD74F2,1625676093,39.15569,-87.28399,
1625679697,38.892316,-86.848857,814.91328,AA96BE,1625676097,39.87415,-87.26476,
1625679697,38.892316,-86.848857,814.91328,A3C15D,1625676097,38.21017,-86.50927,
1625679697,38.892316,-86.848857,814.91328,A6E7AC,1625676097,39.43373,-87.34603,
1625679699,38.892333,-86.848855,807.23232,A5D3FB,1625676099,39.11316,-87.42496,
1625679699,38.892333,-86.848855,807.23232,AD74F2,1625676099,39.15266,-87.28268,
1625679701,38.89235,-86.848851,805.7388,A5A11E,1625676101,38.34270,-87.37234,
1625679701,38.89235,-86.848851,805.7388,AC391E,1625676101,38.49372,-87.39972,
1625679703,38.892384,-86.848843,792.26664,71C347,1625676103,38.50885,-87.08887,
1625679701,38.89235,-86.848851,805.7388,A6E7AC,1625676101,39.43482,-87.34436,
1625679703,38.892384,-86.848843,792.26664,ADD66C,1625676103,38.68244,-86.81219,
1625679702,38.892364,-86.848848,798.08832,A5D3FB,1625676102,39.11491,-87.42426,
1625679704,38.892396,-86.848841,789.1272,50015A,1625676104,38.01741,-86.16460,
1625679704,38.892396,-86.848841,789.1272,A535C6,1625676104,39.59514,-85.71468,
1625679704,38.892396,-86.848841,789.1272,A9D59F,1625676104,39.32202,-86.19403,
1625679704,38.892396,-86.848841,789.1272,AD74F2,1625676104,39.15071,-87.28107,
1625679707,38.892468,-86.848832,769.25424,ADD66C,1625676107,38.68456,-86.80304,
1625679708,38.892475,-86.848821,761.75616,AC391E,1625676108,38.50680,-87.38879,
1625679708,38.892475,-86.848821,761.75616,71C347,1625676108,38.52306,-87.09859,
1625679709,38.892476,-86.848811,759.31776,ADD66C,1625676109,38.68593,-86.79718,
1625679710,38.892479,-86.848788,752.52072,71C347,1625676110,38.52507,-87.09997,
1625679712,38.892483,-86.848721,742.27944,71C347,1625676112,38.52728,-87.10150,
1625679712,38.892483,-86.848721,742.27944,A364EA,1625676112,39.39862,-86.39636,
1625679712,38.892483,-86.848721,742.27944,ADD66C,1625676112,38.68742,-86.79089,
1625679716,38.892537,-86.848663,729.02064,AB5257,1625676116,39.48221,-86.69473,
1625679710,38.892479,-86.848788,752.52072,A9D59F,1625676110,39.32359,-86.17956,
1625679717,38.892575,-86.848662,725.78976,AE016D,1625676117,39.38283,-86.66129,
1625679720,38.892663,-86.848662,719.20608,AC391E,1625676120,38.52960,-87.36961,
1625679718,38.892611,-86.848663,722.92464,ACF207,1625676118,38.82131,-86.13495,
1625679718,38.892611,-86.848663,722.92464,A364EA,1625676118,39.41006,-86.40251,
1625679718,38.892611,-86.848663,722.92464,AB5257,1625676118,39.47639,-86.68988,
