1625679043,38.892749,-86.848823,711.15936,A17C95,1625675443,39.34731,-86.88066,
1625679053,38.892735,-86.848817,721.79688,A781D7,1625675453,38.88986,-86.29970,
1625679055,38.892736,-86.848816,721.79688,AB6BC6,1625675455,39.15166,-87.34423,
1625679064,38.892738,-86.84882,721.9188,A17C95,1625675464,39.35504,-86.82447,
1625679075,38.892683,-86.849033,747.00384,A9D59F,1625675475,38.52226,-87.40576,
1625679075,38.892683,-86.849033,747.00384,A2B991,1625675475,39.27109,-86.77092,
1625679078,38.892629,-86.849109,760.84176,AB6BC6,1625675478,39.18878,-87.36854,
1625679080,38.892627,-86.849113,769.34568,A9D59F,1625675480,38.53166,-87.39863,
1625679080,38.892627,-86.849113,769.34568,A2B991,1625675480,39.27837,-86.76459,
1625679081,38.89262,-86.849099,768.88848,A9D59F,1625675481,38.53329,-87.39734,
1625679081,38.89262,-86.849099,768.88848,A17C95,1625675481,39.36232,-86.77115,
1625679083,38.892595,-86.849058,764.49936,A17C95,1625675483,39.36271,-86.76825,
1625679084,38.892584,-86.84904,762.09144,A4C8DE,1625675484,38.00015,-87.06011,
1625679086,38.892541,-86.848971,753.80088,A06E11,1625675486,39.12152,-87.96924,
1625679089,38.892489,-86.848882,744.80928,A4C8DE,1625675489,37.99133,-87.05823,
1625679091,38.89246,-86.848855,748.4364,A2B991,1625675491,39.29144,-86.75299,
1625679094,38.892395,-86.848849,771.66216,A5D3FB,1625675494,39.11865,-87.43063,
1625679095,38.892368,-86.84885,782.63496,A5D3FB,1625675495,39.11948,-87.43057,
1625679095,38.892368,-86.84885,782.63496,A869BC,1625675495,38.16553,-86.30567,
1625679097,38.892322,-86.848853,801.07536,AD74F2,1625675497,39.36406,-87.30859,
1625679097,38.892322,-86.848853,801.07536,A82A58,1625675497,39.51434,-87.66773,
1625679102,38.892189,-86.848866,854.75064,A2B991,1625675502,39.30876,-86.73760,
1625679105,38.892137,-86.848875,880.93296,AD74F2,1625675505,39.36024,-87.30865,
1625679105,38.892137,-86.848875,880.93296,A5D3FB,1625675505,39.12287,-87.43018,
1625679102,38.892189,-86.848866,854.75064,A88E46,1625675502,38.69697,-86.05243,
1625679107,38.892108,-86.848879,883.09704,A3C15D,1625675507,39.33357,-86.39014,
1625679102,38.892189,-86.848866,854.75064,AB6BC6,1625675502,39.22766,-87.39417,
1625679105,38.892137,-86.848875,880.93296,A781D7,1625675505,38.96045,-86.18948,
1625679110,38.89199,-86.848897,883.21896,AD74F2,1625675510,39.35687,-87.30913,
1625679110,38.89199,-86.848897,883.21896,A5D3FB,1625675510,39.12534,-87.42987,
1625679112,38.891911,-86.848912,882.63984,A06E11,1625675512,39.15639,-87.91553,
1625679112,38.891911,-86.848912,882.63984,A3C15D,1625675512,39.32053,-86.38940,
1625679112,38.891911,-86.848912,882.63984,A9D59F,1625675512,38.58845,-87.35516,
1625679113,38.891856,-86.848921,882.63984,A0DADB,1625675513,38.31033,-86.16595,
1625679112,38.891911,-86.848912,882.63984,A2B991,1625675512,39.32579,-86.72229,
1625679114,38.8918,-86.848928,882.73128,A62F6E,1625675514,38.25916,-86.97075,
1625679114,38.8918,-86.848928,882.73128,A17C95,1625675514,39.37323,-86.69098,
1625679115,38.891742,-86.848936,882.76176,A6E7AC,1625675515,39.37344,-87.58826,
1625679117,38.891647,-86.848949,882.45696,AD74F2,1625675517,39.35376,-87.31050,
1625679116,38.891678,-86.848946,882.51792,A5D3FB,1625675516,39.12767,-87.42963,
1625679117,38.891647,-86.848949,882.45696,A869BC,1625675517,38.14346,-86.35570,
1625679119,38.891521,-86.848968,882.48744,A0DADB,1625675519,38.31276,-86.15975,
1625679118,38.891586,-86.848958,882.45696,A3C15D,1625675518,39.31541,-86.38965,
1625679119,38.891521,-86.848968,882.48744,A62F6E,1625675519,38.25719,-86.97148,
1625679116,38.891678,-86.848946,882.51792,A4C8DE,1625675516,37.96706,-87.05321,
1625679120,38.891455,-86.848979,882.21312,AAE9AF,1625675520,38.57387,-87.48341,
1625679121,38.891384,-86.848991,882.27408,A6E7AC,1625675521,39.37303,-87.59017,
1625679121,38.891384,-86.848991,882.27408,AD74F2,1625675521,39.35103,-87.31158,
1625679122,38.891347,-86.848997,882.48744,A5D3FB,1625675522,39.12996,-87.42950,
1625679123,38.891283,-86.849007,883.4628,A2B991,1625675523,39.33934,-86.70984,
1625679122,38.891347,-86.848997,882.48744,A0DADB,1625675522,38.31464,-86.15508,
1625679123,38.891283,-86.849007,883.4628,A62F6E,1625675523,38.25508,-86.97221,
1625679127,38.891153,-86.849035,911.01672,AD74F2,1625675527,39.34785,-87.31247,
1625679127,38.891153,-86.849035,911.01672,A5D3FB,1625675527,39.13184,-87.42944,
1625679129,38.891142,-86.849037,927.99408,A0DADB,1625675529,38.31929,-86.14338,
1625679129,38.891142,-86.849037,927.99408,A3C15D,1625675529,39.29083,-86.39612,
1625679130,38.89114,-86.849037,940.03368,A62F6E,1625675530,38.25169,-86.97327,
1625679131,38.891139,-86.849037,952.07328,A3C15D,1625675531,39.28744,-86.39777,
1625679132,38.891139,-86.849036,958.41312,A62F6E,1625675532,38.25082,-86.97350,
1625679133,38.891139,-86.849036,970.45272,AD74F2,1625675533,39.34515,-87.31289,
1625679133,38.891139,-86.849036,970.45272,A5D3FB,1625675533,39.13399,-87.42998,
1625679133,38.891139,-86.849036,970.45272,A82A58,1625675533,39.52840,-87.67938,
1625679133,38.891139,-86.849036,970.45272,A2B991,1625675533,39.35638,-86.69409,
1625679135,38.89114,-86.849036,995.41584,A0DADB,1625675535,38.32320,-86.13346,
1625679135,38.89114,-86.849036,995.41584,AB6BC6,1625675535,39.28116,-87.42932,
1625679138,38.891141,-86.849036,1025.77392,AD74F2,1625675538,39.34232,-87.31313,
1625679137,38.89114,-86.849036,1013.73432,A5D3FB,1625675537,39.13544,-87.43091,
1625679137,38.89114,-86.849036,1013.73432,A82A58,1625675537,39.52886,-87.67944,
1625679138,38.891141,-86.849036,1025.77392,A06E11,1625675538,39.19249,-87.85988,
1625679138,38.891141,-86.849036,1025.77392,A62F6E,1625675538,38.24826,-86.97420,
1625679138,38.891141,-86.849036,1025.77392,A781D7,1625675538,39.00682,-86.11699,
1625679140,38.891141,-86.849037,1049.7312,A0DADB,1625675540,38.32622,-86.12592,
1625679142,38.891141,-86.849037,1067.19624,A3C15D,1625675542,39.26926,-86.40831,
1625679143,38.891141,-86.849037,1078.90056,A9D59F,1625675543,38.64664,-87.31049,
1625679143,38.891141,-86.849037,1078.90056,AD74F2,1625675543,39.33934,-87.31323,
1625679143,38.891141,-86.849037,1078.90056,A5D3FB,1625675543,39.13600,-87.43152,
1625679143,38.891141,-86.849037,1078.90056,A2B991,1625675543,39.36783,-86.68353,
1625679146,38.891141,-86.849036,1114.59264,A781D7,1625675546,39.01808,-86.09938,
1625679149,38.891141,-86.849036,1145.37744,A06E11,1625675549,39.20485,-87.84077,
1625679149,38.891141,-86.849036,1145.37744,A781D7,1625675549,39.02078,-86.09521,
1625679150,38.891141,-86.849036,1157.56944,A9D59F,1625675550,38.66112,-87.29944,
1625679151,38.891141,-86.849036,1163.7264,A6E7AC,1625675551,39.37889,-87.60683,
1625679152,38.891141,-86.849036,1176.00984,A9D59F,1625675552,38.66461,-87.29669,
1625679152,38.891141,-86.849036,1176.00984,A17C95,1625675552,39.38873,-86.57662,
1625679151,38.891141,-86.849036,1163.7264,AD74F2,1625675551,39.33487,-87.31317,
1625679153,38.891141,-86.849036,1188.44568,A6E7AC,1625675553,39.37952,-87.60724,
1625679152,38.891141,-86.849036,1176.00984,A82A58,1625675552,39.53947,-87.67938,
1625679152,38.891141,-86.849036,1176.00984,A0DADB,1625675552,38.33363,-86.10708,
1625679155,38.891141,-86.849036,1212.67728,A17C95,1625675555,39.38915,-86.57379,
1625679154,38.891141,-86.849036,1200.7596,A3C15D,1625675554,39.25075,-86.41669,
1625679157,38.891141,-86.849036,1231.45296,A6E7AC,1625675557,39.38003,-87.60754,
1625679157,38.891141,-86.849036,1231.45296,AD74F2,1625675557,39.33220,-87.31307,
1625679156,38.891141,-86.849036,1218.92568,A2B991,1625675556,39.38808,-86.66357,
1625679157,38.891141,-86.849036,1231.45296,A4C8DE,1625675557,37.85777,-87.03077,
1625679157,38.891141,-86.849036,1231.45296,A06E11,1625675557,39.21552,-87.82435,
1625679157,38.891141,-86.849036,1231.45296,A62F6E,1625675557,38.23954,-86.97673,
1625679159,38.891141,-86.849037,1255.776,A4C8DE,1625675559,37.84608,-87.02838,
1625679158,38.891141,-86.849036,1243.37064,A0DADB,1625675558,38.33702,-86.09842,
1625679159,38.891141,-86.849037,1255.776,A869BC,1625675559,38.09871,-86.45703,
1625679162,38.891141,-86.849037,1286.28648,A5D3FB,1625675562,39.13749,-87.44006,
1625679162,38.891141,-86.849037,1286.28648,A6E7AC,1625675562,39.38383,-87.60946,
1625679162,38.891141,-86.849037,1286.28648,AD74F2,1625675562,39.32896,-87.31293,
1625679162,38.891141,-86.849037,1286.28648,A3C15D,1625675562,39.23781,-86.41953,
1625679164,38.891142,-86.849036,1304.30016,A0DADB,1625675564,38.33830,-86.09530,
1625679166,38.891141,-86.849037,1328.0136,A5D3FB,1625675566,39.13758,-87.44189,
1625679168,38.891141,-86.849037,1345.41768,A62F6E,1625675568,38.23512,-86.97810,
1625679169,38.891141,-86.849037,1357.33536,A4C8DE,1625675569,37.83808,-87.02671,
1625679169,38.891141,-86.849037,1357.33536,A0DADB,1625675569,38.34229,-86.08499,
1625679172,38.891141,-86.849036,1392.66168,A06E11,1625675572,39.24106,-87.78488,
1625679172,38.891141,-86.849036,1392.66168,AD74F2,1625675572,39.32698,-87.31271,
1625679172,38.891141,-86.849036,1392.66168,A3C15D,1625675572,39.21945,-86.42096,
1625679175,38.891141,-86.849036,1422.10536,A62F6E,1625675575,38.23219,-86.97906,
1625679176,38.891141,-86.849037,1433.53536,A5D3FB,1625675576,39.13707,-87.44519,
1625679175,38.891141,-86.849036,1422.10536,AD74F2,1625675575,39.32272,-87.31085,
1625679175,38.891141,-86.849036,1422.10536,A2B991,1625675575,39.40656,-86.63989,
1625679176,38.891141,-86.849037,1433.53536,A6E7AC,1625675576,39.38828,-87.61006,
1625679178,38.891141,-86.849037,1457.37072,A5D3FB,1625675578,39.13670,-87.44592,
1625679179,38.891141,-86.849037,1469.16648,A781D7,1625675579,39.06180,-86.03083,
1625679179,38.891141,-86.849037,1469.16648,A5D3FB,1625675579,39.13651,-87.44622,
1625679179,38.891141,-86.849037,1469.16648,A0DADB,1625675579,38.34350,-86.08200,
1625679181,38.891141,-86.849036,1486.662,A5D3FB,1625675581,39.13628,-87.44653,
1625679182,38.891141,-86.849036,1498.48824,A2B991,1625675582,39.41620,-86.62475,
1625679183,38.891141,-86.849037,1509.9792,A9D59F,1625675583,38.71701,-87.25646,
1625679182,38.891141,-86.849036,1498.48824,AD74F2,1625675582,39.31956,-87.30823,
1625679180,38.891141,-86.849036,1475.26248,A6E7AC,1625675580,39.39180,-87.60970,
1625679184,38.891142,-86.849037,1522.0188,A3C15D,1625675584,39.20110,-86.42210,
1625679185,38.891142,-86.849037,1533.6012,A17C95,1625675585,39.40107,-86.48492,
1625679185,38.891142,-86.849037,1533.6012,A2B991,1625675585,39.42027,-86.61770,
1625679185,38.891142,-86.849037,1533.6012,A62F6E,1625675585,38.22949,-86.98013,
1625679188,38.891141,-86.849037,1564.26408,AD74F2,1625675588,39.31618,-87.30572,
1625679189,38.891141,-86.849037,1570.6344,A869BC,1625675589,38.06870,-86.52492,
